#Stochastic PBH background following 2205.02153
1.000000000000000e-18      3.210900713922456e-14
1.566751070108150e-18      2.379691913549957e-14
2.454708915685033e-18      1.763658894484216e-14
3.845917820453543e-18      1.307098905695376e-14
6.025595860743593e-18      9.687290181867650e-15
9.440608762859270e-18      7.179532524953387e-15
1.479108388168213e-17      5.320960383053781e-15
2.317394649968470e-17      3.943518508987016e-15
3.630780547701002e-17      2.922656270896336e-15
5.688529308438401e-17      2.166065572747587e-15
8.912509381337440e-17      1.605334199633204e-15
1.396368361055936e-16      1.189759869200548e-15
2.187761623949552e-16      8.817656452366950e-16
3.427677865464505e-16      6.535021673256877e-16
5.370317963702532e-16      4.843294644176491e-16
8.413951416451970e-16      3.589506536191498e-16
1.318256738556410e-15      2.660287700822355e-16
2.065380155810527e-15      1.971616594033455e-16
3.235936569296280e-15      1.461222405631703e-16
5.069907082747044e-15      1.082954426931481e-16
7.943282347242819e-15      8.026090253546880e-17
1.244514611771382e-14      5.948368939273572e-17
1.949844599758041e-14      4.408509239237383e-17
3.054921113215509e-14      3.267274426124417e-17
4.786300923226380e-14      2.421472111387316e-17
7.498942093324558e-14      1.794623414348993e-17
1.174897554939530e-13      1.330047612022441e-17
1.840772001468958e-13      9.857369719475760e-18
2.884031503126612e-13      7.305583417324928e-18
4.518559443749234e-13      5.414380365793101e-18
7.079457843841402e-13      4.012754775472843e-18
1.109174815262401e-12      2.973969281842559e-18
1.737800828749376e-12      2.204095137685290e-18
2.722701308077915e-12      1.633519016362563e-18
4.265795188015916e-12      1.210648456681604e-18
6.683439175686136e-12      8.972467849986980e-19
1.047128548050898e-11      6.649756902983654e-19
1.640589773199539e-11      4.928328260194644e-19
2.570395782768864e-11      3.652527422368675e-19
4.027170343254594e-11      2.706994312637010e-19
6.309573444801942e-11      2.006232222589860e-19
9.885530946569410e-11      1.486877054808785e-19
1.548816618912480e-10      1.101967833645354e-19
2.426610095082415e-10      8.167004141073370e-20
3.801893963205613e-10      6.052804320037493e-20
5.956621435290110e-10      4.485909337600690e-20
9.332543007969930e-10      3.324637890333848e-20
1.462177174456721e-09      2.463985843226020e-20
2.290867652767770e-09      1.826131577598245e-20
3.589219346450050e-09      1.353399228274524e-20
5.623413251903489e-09      1.003043533973133e-20
8.810488730080150e-09      7.433847382401750e-21
1.380384264602887e-08      5.509440521085257e-21
2.162718523727025e-08      4.083206621544785e-21
3.388441561392034e-08      3.026183194177217e-21
5.308844442309879e-08      2.242792386846203e-21
8.317637711026710e-08      1.662198673290465e-21
1.303166778452300e-07      1.231903784627056e-21
2.041737944669532e-07      9.129997267861300e-22
3.198895109691404e-07      6.766506536579079e-22
5.011872336272734e-07      5.014854809512192e-22
7.852356346100710e-07      3.716654764838521e-22
1.230268770812381e-06      2.754520951393311e-22
1.927524913190937e-06      2.041455596964590e-22
3.019951720402019e-06      1.512982122089141e-22
4.731512589614812e-06      1.121315058316728e-22
7.413102413009192e-06      8.310392050579480e-23
1.161448613840346e-05      6.159073270451625e-23
1.819700858609982e-05      4.564668347764247e-23
2.851018267503909e-05      3.383008483604689e-23
4.466835921509634e-05      2.507245987706178e-23
6.998419960022743e-05      1.858192928966740e-23
1.096478196143187e-04      1.377160828332187e-23
1.717908387157593e-04      1.020653946922076e-23
2.691534803926914e-04      7.564363275051968e-24
4.216965034285822e-04      5.606169645403170e-24
6.606934480075965e-04      4.154895389106491e-24
1.035142166679345e-03      3.079313825005896e-24
1.621810097358933e-03      2.282169042747325e-24
2.540972705549311e-03      1.691381858315228e-24
3.981071705534985e-03      1.253532291891057e-24
6.237348354824191e-03      9.290292426210910e-25
9.772372209558110e-03      6.885305940886977e-25
1.531087461682038e-02      5.102900503525774e-25
2.398832919019485e-02      3.781907989629486e-25
3.758374042884435e-02      2.802882014285979e-25
5.888436553555884e-02      2.077297387337415e-25
9.225714271547630e-02      1.539545515453356e-25
1.445439770745928e-01      1.141001961780040e-25
2.264644307593062e-01      8.456297418413950e-26
3.548133892335760e-01      6.267207982457426e-26
5.559042572704048e-01      4.644810128112187e-26
8.709635899560830e-01      3.442403888079378e-26
1.364583136588929e+00      2.551265649577872e-26
2.137962089502241e+00      1.890817180765951e-26
3.349654391578293e+00      1.401339610271962e-26
5.248074602497712e+00      1.038573545498296e-26
8.222426499470700e+00      7.697170632317750e-27
1.288249551693132e+01      5.704597040798791e-27
2.018366363681559e+01      4.227842794760966e-27
3.162277660168380e+01      3.133377269134735e-27
4.954501908047906e+01      2.322237033717653e-27
7.762471166286928e+01      1.721077411868424e-27
1.216186000646370e+02      1.275540530374584e-27
1.905460717963252e+02      9.453401883079610e-28
2.985382618917969e+02      7.006191103685979e-28
4.677351412872000e+02      5.192492013824947e-28
7.328245331389074e+02      3.848306863832342e-28
1.148153621496889e+03      2.852092151280945e-28
1.798870915128784e+03      2.113768451224217e-28
2.818382931264449e+03      1.566575281722263e-28
4.415704473533121e+03      1.161034507768260e-28
6.918309709189362e+03      8.604764443536480e-29
1.083926914021204e+04      6.377241213189521e-29
1.698243652461746e+04      4.726358955909815e-29
2.660725059798814e+04      3.502842096345377e-29
4.168693834703364e+04      2.596058163671012e-29
6.531305526474743e+04      1.924014215826187e-29
1.023292992280758e+05      1.425942898546850e-29
1.603245390690048e+05      1.056807758066940e-29
2.511886431509593e+05      7.832309685392194e-30
3.935500754557797e+05      5.804752523779511e-30
6.165950018614812e+05      4.302070936389122e-30
9.660508789898120e+05      3.188389903946039e-30
1.513561248436207e+06      2.363008497511565e-30
2.371373705661656e+06      1.751294329592872e-30
3.715352290971728e+06      1.297935167010181e-30
5.821032177708720e+06      9.619375049043740e-31
9.120108393559110e+06      7.129198644591423e-31
1.428893958511107e+07      5.283714925855453e-31
2.238721138568347e+07      3.915769980145989e-31
3.507518739525694e+07      2.901728246562961e-31
5.495408738576271e+07      2.150041747820469e-31
8.609937521846050e+07      1.592845041562937e-31
1.348962882591662e+08      1.179828622601237e-31
2.113489039836643e+08      8.736971704436580e-32
3.311311214825908e+08      6.468027150802103e-32
5.188000389289609e+08      4.786488893933998e-32
8.128305161641000e+08      3.540410351209845e-32
1.273503081016663e+09      2.617150685093177e-32
1.995262314968883e+09      1.933210229697630e-32
3.126079367123962e+09      1.426692125414339e-32
4.897788193684478e+09      1.051709918665247e-32
7.673614893618219e+09      7.742405817296305e-33
1.202264434617418e+10      5.690521734928060e-33
1.883649089489810e+10      4.174295799394780e-33
2.951209226666402e+10      3.054909488307598e-33
4.623810213992631e+10      2.229404471871889e-33
7.244359600749892e+10      1.621433792724798e-33
1.135010815672314e+11      1.174398557596597e-33
1.778279410038922e+11      8.463530570050590e-34
2.786121168629772e+11      6.062223772863494e-34
4.365158322401665e+11      4.309942989813968e-34
6.839116472814307e+11      3.036329334442708e-34
1.071519305237609e+12      2.115210980768882e-34
1.678804018122566e+12      1.452730719353254e-34
2.630267991895392e+12      9.779604890009320e-35
4.120975190973319e+12      6.313048353576910e-35
6.456542290346587e+12      3.415790121595359e-35
1.011579454259905e+13      9.573345267652080e-36
1.584893192461124e+13      6.758793310228778e-37
2.483133105295568e+13      8.032594888966920e-39
3.890451449942805e+13      1.200345944053665e-41
6.095368972401694e+13      2.643960954325889e-45
9.549925860214370e+13      1.373337048344825e-51
1.496235656094448e+14      0.000000000000000e+00
2.344228815319946e+14      0.000000000000000e+00
3.672823004980827e+14      0.000000000000000e+00
5.754399373371543e+14      0.000000000000000e+00
9.015711376059530e+14      0.000000000000000e+00
1.412537544622750e+15      0.000000000000000e+00
2.213094709605632e+15      0.000000000000000e+00
3.467368504525310e+15      0.000000000000000e+00
5.432503314924325e+15      0.000000000000000e+00
8.511380382023760e+15      0.000000000000000e+00
1.333521432163324e+16      0.000000000000000e+00
2.089296130854041e+16      0.000000000000000e+00
3.273406948788386e+16      0.000000000000000e+00
5.128613839913657e+16      0.000000000000000e+00
8.035261221856190e+16      0.000000000000000e+00
1.258925411794172e+17      0.000000000000000e+00
1.972422736114862e+17      0.000000000000000e+00
3.090295432513605e+17      0.000000000000000e+00
4.841723675841020e+17      0.000000000000000e+00
7.585775750291884e+17      0.000000000000000e+00
1.188502227437026e+18      0.000000000000000e+00
1.862087136662881e+18      0.000000000000000e+00
2.917427014001190e+18      0.000000000000000e+00
4.570881896148790e+18      0.000000000000000e+00
7.161434102129087e+18      0.000000000000000e+00
1.122018454301974e+19      0.000000000000000e+00
1.757923613958711e+19      0.000000000000000e+00
2.754228703338152e+19      0.000000000000000e+00
4.315190768277633e+19      0.000000000000000e+00
6.760829753919791e+19      0.000000000000000e+00
1.059253725177285e+20      0.000000000000000e+00
1.659586907437556e+20      0.000000000000000e+00
2.600159563165267e+20      0.000000000000000e+00
4.073802778041122e+20      0.000000000000000e+00
6.382634861905482e+20      0.000000000000000e+00
10.000000000000000e+20      0.000000000000000e+00
