#Stochastic PBH background following 2205.02153
1.000000000000000e-18      5.080584858774190e-15
1.566751070108150e-18      3.765369216215910e-15
2.454708915685033e-18      2.790624648251066e-15
3.845917820453543e-18      2.068213096842782e-15
6.025595860743593e-18      1.532812883535878e-15
9.440608762859270e-18      1.136012212436044e-15
1.479108388168213e-17      8.419316934672870e-16
2.317394649968470e-17      6.239800670317220e-16
3.630780547701002e-17      4.624497771897195e-16
5.688529308438401e-17      3.427349810069316e-16
8.912509381337440e-17      2.540108634491372e-16
1.396368361055936e-16      1.882548392364751e-16
2.187761623949552e-16      1.395211370676179e-16
3.427677865464505e-16      1.034031728883674e-16
5.370317963702532e-16      7.663509908322845e-17
8.413951416451970e-16      5.679650099167246e-17
1.318256738556410e-15      4.209353890693968e-17
2.065380155810527e-15      3.119674604549743e-17
3.235936569296280e-15      2.312081590428610e-17
5.069907082747044e-15      1.713550917458723e-17
7.943282347242819e-15      1.269962426446773e-17
1.244514611771382e-14      9.412060932385040e-18
1.949844599758041e-14      6.975552122654982e-18
3.054921113215509e-14      5.169784573796449e-18
4.786300923226380e-14      3.831477719543041e-18
7.498942093324558e-14      2.839619582944105e-18
1.174897554939530e-13      2.104524668044093e-18
1.840772001468958e-13      1.559724445136453e-18
2.884031503126612e-13      1.155957153506382e-18
4.518559443749234e-13      8.567134694267600e-19
7.079457843841402e-13      6.349352711481653e-19
1.109174815262401e-12      4.705689976110030e-19
1.737800828749376e-12      3.487523714223629e-19
2.722701308077915e-12      2.584705265119611e-19
4.265795188015916e-12      1.915600252491552e-19
6.683439175686136e-12      1.419707065585241e-19
1.047128548050898e-11      1.052186200879375e-19
1.640589773199539e-11      7.798057980817312e-20
2.570395782768864e-11      5.779367589250486e-20
4.027170343254594e-11      4.283257423046015e-20
6.309573444801942e-11      3.174446661984703e-20
9.885530946569410e-11      2.352674755331316e-20
1.548816618912480e-10      1.743635692688778e-20
2.426610095082415e-10      1.292259128436189e-20
3.801893963205613e-10      9.577308276200360e-21
5.956621435290110e-10      7.098021735654175e-21
9.332543007969930e-10      5.260550366225372e-21
1.462177174456721e-09      3.898746888388256e-21
2.290867652767770e-09      2.889474720612519e-21
3.589219346450050e-09      2.141473760690907e-21
5.623413251903489e-09      1.587108492423676e-21
8.810488730080150e-09      1.176252267462139e-21
1.380384264602887e-08      8.717547686969850e-22
2.162718523727025e-08      6.460828155388835e-22
3.388441561392034e-08      4.788307670040906e-22
5.308844442309879e-08      3.548754090270761e-22
8.317637711026710e-08      2.630084877796885e-22
1.303166778452300e-07      1.949232403389236e-22
2.041737944669532e-07      1.444632830863340e-22
3.198895109691404e-07      1.070659410534891e-22
5.011872336272734e-07      7.934968310818900e-23
7.852356346100710e-07      5.880835817082507e-23
1.230268770812381e-06      4.358458478066845e-23
1.927524913190937e-06      3.230180351210142e-23
3.019951720402019e-06      2.393980613524628e-23
4.731512589614812e-06      1.774248665646380e-23
7.413102413009192e-06      1.314947293125010e-23
1.161448613840346e-05      9.745456863944520e-24
1.819700858609982e-05      7.222641544916629e-24
2.851018267503909e-05      5.352909731647086e-24
4.466835921509634e-05      3.967197100530180e-24
6.998419960022743e-05      2.940205163820744e-24
1.096478196143187e-04      2.179071567733014e-24
1.717908387157593e-04      1.614973320818202e-24
2.691534803926914e-04      1.196903702280850e-24
4.216965034285822e-04      8.870601477229400e-25
6.606934480075965e-04      6.574260771177781e-25
1.035142166679345e-03      4.872375880981013e-25
1.621810097358933e-03      3.611059486664150e-25
2.540972705549311e-03      2.676261219321550e-25
3.981071705534985e-03      1.983455033209929e-25
6.237348354824191e-03      1.469996217246360e-25
9.772372209558110e-03      1.089456953920212e-25
1.531087461682038e-02      8.074282372429980e-26
2.398832919019485e-02      5.984085520326912e-26
3.758374042884435e-02      4.434979836333010e-26
5.888436553555884e-02      3.286892555573945e-26
9.225714271547630e-02      2.436011677748743e-26
1.445439770745928e-01      1.805399109887255e-26
2.264644307593062e-01      1.338033793415125e-26
3.548133892335760e-01      9.916557632692490e-27
5.559042572704048e-01      7.349449301390128e-27
8.709635899560830e-01      5.446890648387039e-27
1.364583136588929e+00      4.036849091519611e-27
2.137962089502241e+00      2.991826280288626e-27
3.349654391578293e+00      2.217329478634586e-27
5.248074602497712e+00      1.643327371383222e-27
8.222426499470700e+00      1.217917713879959e-27
1.288249551693132e+01      9.026342429470050e-28
2.018366363681559e+01      6.689684920871556e-28
3.162277660168380e+01      4.957920075625109e-28
4.954501908047906e+01      3.674458777512051e-28
7.762471166286928e+01      2.723248277844218e-28
1.216186000646370e+02      2.018278508978913e-28
1.905460717963252e+02      1.495804908038268e-28
2.985382618917969e+02      1.108584525355390e-28
4.677351412872000e+02      8.216042367912820e-29
7.328245331389074e+02      6.089147976307737e-29
1.148153621496889e+03      4.512844678379104e-29
1.798870915128784e+03      3.344600454844565e-29
2.818382931264449e+03      2.478780680429767e-29
4.415704473533121e+03      1.837096461782729e-29
6.918309709189362e+03      1.361525622875794e-29
1.083926914021204e+04      1.009066241382027e-29
1.698243652461746e+04      7.478483418815087e-30
2.660725059798814e+04      5.542521585985580e-30
4.168693834703364e+04      4.107723960960977e-30
6.531305526474743e+04      3.044353707546723e-30
1.023292992280758e+05      2.256259082824364e-30
1.603245390690048e+05      1.672179233381446e-30
2.511886431509593e+05      1.239300668011903e-30
3.935500754557797e+05      9.184817722134690e-31
6.165950018614812e+05      6.807135569786492e-31
9.660508789898120e+05      5.044966167786160e-31
1.513561248436207e+06      3.738971168294988e-31
2.371373705661656e+06      2.771060287105129e-31
3.715352290971728e+06      2.053713379735092e-31
5.821032177708720e+06      1.522066721438645e-31
9.120108393559110e+06      1.128047919135539e-31
1.428893958511107e+07      8.360291240473810e-32
2.238721138568347e+07      6.196055011484405e-32
3.507518739525694e+07      4.592076591719937e-32
5.495408738576271e+07      3.403321530415250e-32
8.609937521846050e+07      2.522300577536710e-32
1.348962882591662e+08      1.869350323378282e-32
2.113489039836643e+08      1.385429897862223e-32
3.311311214825908e+08      1.026782394870619e-32
5.188000389289609e+08      7.609782985361042e-33
8.128305161641000e+08      5.639831513822096e-33
1.273503081016663e+09      4.179880473883692e-33
1.995262314968883e+09      3.097775620677067e-33
3.126079367123962e+09      2.295621516613606e-33
4.897788193684478e+09      1.701000059913061e-33
7.673614893618219e+09      1.260227010288271e-33
1.202264434617418e+10      9.335056106070680e-34
1.883649089489810e+10      6.913338881150245e-34
2.951209226666402e+10      5.118413452727411e-34
4.623810213992631e+10      3.788146871574378e-34
7.244359600749892e+10      2.802344253759818e-34
1.135010815672314e+11      2.071902205452116e-34
1.778279410038922e+11      1.530768553378979e-34
2.786121168629772e+11      1.129980094975500e-34
4.365158322401665e+11      8.332396494516770e-35
6.839116472814307e+11      6.136355908827288e-35
1.071519305237609e+12      4.512109043736285e-35
1.678804018122566e+12      3.311634281590979e-35
2.630267991895392e+12      2.425136742199162e-35
4.120975190973319e+12      1.771181387462907e-35
6.456542290346587e+12      1.289378028530335e-35
1.011579454259905e+13      9.349538731679980e-36
1.584893192461124e+13      6.747247652883368e-36
2.483133105295568e+13      4.841043582007835e-36
3.890451449942805e+13      3.448834124219161e-36
6.095368972401694e+13      2.435809417320369e-36
9.549925860214370e+13      1.702154469446677e-36
1.496235656094448e+14      1.173758842973115e-36
2.344228815319946e+14      7.949206073749190e-37
3.672823004980827e+14      5.214210683520704e-37
5.754399373371543e+14      3.035617852858973e-37
9.015711376059530e+14      1.079116920735054e-37
1.412537544622750e+15      1.147874734103036e-38
2.213094709605632e+15      2.197146437956051e-40
3.467368504525310e+15      5.745443033241804e-43
5.432503314924325e+15      2.195914201896143e-46
8.511380382023760e+15      1.125138901082459e-51
1.333521432163324e+16      0.000000000000000e+00
2.089296130854041e+16      0.000000000000000e+00
3.273406948788386e+16      0.000000000000000e+00
5.128613839913657e+16      0.000000000000000e+00
8.035261221856190e+16      0.000000000000000e+00
1.258925411794172e+17      0.000000000000000e+00
1.972422736114862e+17      0.000000000000000e+00
3.090295432513605e+17      0.000000000000000e+00
4.841723675841020e+17      0.000000000000000e+00
7.585775750291884e+17      0.000000000000000e+00
1.188502227437026e+18      0.000000000000000e+00
1.862087136662881e+18      0.000000000000000e+00
2.917427014001190e+18      0.000000000000000e+00
4.570881896148790e+18      0.000000000000000e+00
7.161434102129087e+18      0.000000000000000e+00
1.122018454301974e+19      0.000000000000000e+00
1.757923613958711e+19      0.000000000000000e+00
2.754228703338152e+19      0.000000000000000e+00
4.315190768277633e+19      0.000000000000000e+00
6.760829753919791e+19      0.000000000000000e+00
1.059253725177285e+20      0.000000000000000e+00
1.659586907437556e+20      0.000000000000000e+00
2.600159563165267e+20      0.000000000000000e+00
4.073802778041122e+20      0.000000000000000e+00
6.382634861905482e+20      0.000000000000000e+00
10.000000000000000e+20      0.000000000000000e+00
