#Stochastic PBH background following 2205.02153
1.000000000000000e-18      1.277233477099369e-14
1.566751070108150e-18      9.465948803678990e-15
2.454708915685033e-18      7.015489991490452e-15
3.845917820453543e-18      5.199383690050617e-15
6.025595860743593e-18      3.853414485539169e-15
9.440608762859270e-18      2.855877558291633e-15
1.479108388168213e-17      2.116573926464750e-15
2.317394649968470e-17      1.568654501024991e-15
3.630780547701002e-17      1.162575477671099e-15
5.688529308438401e-17      8.616185019703400e-16
8.912509381337440e-17      6.385705334373477e-16
1.396368361055936e-16      4.732631962312432e-16
2.187761623949552e-16      3.507491203851287e-16
3.427677865464505e-16      2.599503752470745e-16
5.370317963702532e-16      1.926567841906408e-16
8.413951416451970e-16      1.427835465111407e-16
1.318256738556410e-15      1.058210394196412e-16
2.065380155810527e-15      7.842705029728013e-17
3.235936569296280e-15      5.812456815832845e-17
5.069907082747044e-15      4.307780811322103e-17
7.943282347242819e-15      3.192621658340176e-17
1.244514611771382e-14      2.366144773780753e-17
1.949844599758041e-14      1.753618715159833e-17
3.054921113215509e-14      1.299657836762515e-17
4.786300923226380e-14      9.632142255645730e-18
7.498942093324558e-14      7.138660792759808e-18
1.174897554939530e-13      5.290669153501804e-18
1.840772001468958e-13      3.921068797694487e-18
2.884031503126612e-13      2.906018136869699e-18
4.518559443749234e-13      2.153734567672237e-18
7.079457843841402e-13      1.596195333103767e-18
1.109174815262401e-12      1.182986789396228e-18
1.737800828749376e-12      8.767459187872560e-19
2.722701308077915e-12      6.497819020467921e-19
4.265795188015916e-12      4.815722676092662e-19
6.683439175686136e-12      3.569072148667345e-19
1.047128548050898e-11      2.645143181859555e-19
1.640589773199539e-11      1.960392550526223e-19
2.570395782768864e-11      1.452903940518243e-19
4.027170343254594e-11      1.076789370479299e-19
6.309573444801942e-11      7.980399226969031e-20
9.885530946569410e-11      5.914505990476090e-20
1.548816618912480e-10      4.383412422922560e-20
2.426610095082415e-10      3.248674445570240e-20
3.801893963205613e-10      2.407687124786789e-20
5.956621435290110e-10      1.784406959819740e-20
9.332543007969930e-10      1.322475900407988e-20
1.462177174456721e-09      9.801253562340940e-21
2.290867652767770e-09      7.263994101039191e-21
3.589219346450050e-09      5.383557313798280e-21
5.623413251903489e-09      3.989910915098993e-21
8.810488730080150e-09      2.957039032467254e-21
1.380384264602887e-08      2.191547637428373e-21
2.162718523727025e-08      1.624219698956940e-21
3.388441561392034e-08      1.203756462065951e-21
5.308844442309879e-08      8.921389273237450e-22
8.317637711026710e-08      6.611901084047954e-22
1.303166778452300e-07      4.900272211681014e-22
2.041737944669532e-07      3.631734268757698e-22
3.198895109691404e-07      2.691583901691947e-22
5.011872336272734e-07      1.994811118800662e-22
7.852356346100710e-07      1.478412542588534e-22
1.230268770812381e-06      1.095694537434300e-22
1.927524913190937e-06      8.120510918159160e-23
3.019951720402019e-06      6.018346840201910e-23
4.731512589614812e-06      4.460371897040582e-23
7.413102413009192e-06      3.305711350335192e-23
1.161448613840346e-05      2.449958833922654e-23
1.819700858609982e-05      1.815735753004281e-23
2.851018267503909e-05      1.345694580287833e-23
4.466835921509634e-05      9.973333952475060e-24
6.998419960022743e-05      7.391527883415902e-24
1.096478196143187e-04      5.478076309452789e-24
1.717908387157593e-04      4.059961692022930e-24
2.691534803926914e-04      3.008955700790570e-24
4.216965034285822e-04      2.230024590406631e-24
6.606934480075965e-04      1.652736087976190e-24
1.035142166679345e-03      1.224890787415381e-24
1.621810097358933e-03      9.078021905676980e-25
2.540972705549311e-03      6.727986083873145e-25
3.981071705534985e-03      4.986306181579443e-25
6.237348354824191e-03      3.695496546292532e-25
9.772372209558110e-03      2.738839980206381e-25
1.531087461682038e-02      2.029833973110438e-25
2.398832919019485e-02      1.504368998616292e-25
3.758374042884435e-02      1.114931621983766e-25
5.888436553555884e-02      8.263082547185710e-26
9.225714271547630e-02      6.124010821409741e-26
1.445439770745928e-01      4.538682546928786e-26
2.264644307593062e-01      3.363749650764652e-26
3.548133892335760e-01      2.492972706512769e-26
5.559042572704048e-01      1.847614585111831e-26
8.709635899560830e-01      1.369320910012329e-26
1.364583136588929e+00      1.014843555417973e-26
2.137962089502241e+00      7.521300773564601e-27
3.349654391578293e+00      5.574254773005345e-27
5.248074602497712e+00      4.131242348874555e-27
8.222426499470700e+00      3.061783868901410e-27
1.288249551693132e+01      2.269177082389933e-27
2.018366363681559e+01      1.681753138601270e-27
3.162277660168380e+01      1.246396167643478e-27
4.954501908047906e+01      9.237404533749900e-28
7.762471166286928e+01      6.846109185450500e-28
1.216186000646370e+02      5.073850647968029e-28
1.905460717963252e+02      3.760378296711540e-28
2.985382618917969e+02      2.786925732637033e-28
4.677351412872000e+02      2.065471722891998e-28
7.328245331389074e+02      1.530781171563449e-28
1.148153621496889e+03      1.134506451597495e-28
1.798870915128784e+03      8.408157303122390e-29
2.818382931264449e+03      6.231529942778342e-29
4.415704473533121e+03      4.618368095150015e-29
6.918309709189362e+03      3.422806928339955e-29
1.083926914021204e+04      2.536741772704335e-29
1.698243652461746e+04      1.880053113163502e-29
2.660725059798814e+04      1.393362046680713e-29
4.168693834703364e+04      1.032661141079914e-29
6.531305526474743e+04      7.653352083450509e-30
1.023292992280758e+05      5.672121839696826e-30
1.603245390690048e+05      4.203774478628263e-30
2.511886431509593e+05      3.115539539981193e-30
3.935500754557797e+05      2.309016973801503e-30
6.165950018614812e+05      1.711279640936820e-30
9.660508789898120e+05      1.268279117352467e-30
1.513561248436207e+06      9.399585439068170e-31
2.371373705661656e+06      6.966306171686994e-31
3.715352290971728e+06      5.162932130599935e-31
5.821032177708720e+06      3.826399174575192e-31
9.120108393559110e+06      2.835855725550354e-31
1.428893958511107e+07      2.101735163851417e-31
2.238721138568347e+07      1.557657062441808e-31
3.507518739525694e+07      1.154424956058055e-31
5.495408738576271e+07      8.555779133312470e-32
8.609937521846050e+07      6.340936774962090e-32
1.348962882591662e+08      4.699502162611874e-32
2.113489039836643e+08      3.482842764021228e-32
3.311311214825908e+08      2.580945912258504e-32
5.188000389289609e+08      1.912388455158949e-32
8.128305161641000e+08      1.416810600217999e-32
1.273503081016663e+09      1.049466901064750e-32
1.995262314968883e+09      7.771868083056009e-33
3.126079367123962e+09      5.753801934848963e-33
4.897788193684478e+09      4.258175779784841e-33
7.673614893618219e+09      3.149848179262240e-33
1.202264434617418e+10      2.328635859220050e-33
1.883649089489810e+10      1.720273509529579e-33
2.951209226666402e+10      1.269709642946965e-33
4.623810213992631e+10      9.361331939799480e-34
7.244359600749892e+10      6.892850839486000e-34
1.135010815672314e+11      5.067253287698228e-34
1.778279410038922e+11      3.718098925491325e-34
2.786121168629772e+11      2.721930946610267e-34
4.365158322401665e+11      1.987182759597517e-34
6.839116472814307e+11      1.445952770233000e-34
1.071519305237609e+12      1.047901100542257e-34
1.678804018122566e+12      7.557190236419093e-35
2.630267991895392e+12      5.417655166093470e-35
4.120975190973319e+12      3.855702270808695e-35
6.456542290346587e+12      2.719785826935177e-35
1.011579454259905e+13      1.897684742165541e-35
1.584893192461124e+13      1.306002876777620e-35
2.483133105295568e+13      8.818728662246600e-36
3.890451449942805e+13      5.741939195095217e-36
6.095368972401694e+13      3.233890630061525e-36
9.549925860214370e+13      1.027521523825543e-36
1.496235656094448e+14      8.936646903061100e-38
2.344228815319946e+14      1.350729205701981e-39
3.672823004980827e+14      2.664538634543327e-42
5.754399373371543e+14      7.941228626167451e-46
9.015711376059530e+14      1.381215726888043e-51
1.412537544622750e+15      0.000000000000000e+00
2.213094709605632e+15      0.000000000000000e+00
3.467368504525310e+15      0.000000000000000e+00
5.432503314924325e+15      0.000000000000000e+00
8.511380382023760e+15      0.000000000000000e+00
1.333521432163324e+16      0.000000000000000e+00
2.089296130854041e+16      0.000000000000000e+00
3.273406948788386e+16      0.000000000000000e+00
5.128613839913657e+16      0.000000000000000e+00
8.035261221856190e+16      0.000000000000000e+00
1.258925411794172e+17      0.000000000000000e+00
1.972422736114862e+17      0.000000000000000e+00
3.090295432513605e+17      0.000000000000000e+00
4.841723675841020e+17      0.000000000000000e+00
7.585775750291884e+17      0.000000000000000e+00
1.188502227437026e+18      0.000000000000000e+00
1.862087136662881e+18      0.000000000000000e+00
2.917427014001190e+18      0.000000000000000e+00
4.570881896148790e+18      0.000000000000000e+00
7.161434102129087e+18      0.000000000000000e+00
1.122018454301974e+19      0.000000000000000e+00
1.757923613958711e+19      0.000000000000000e+00
2.754228703338152e+19      0.000000000000000e+00
4.315190768277633e+19      0.000000000000000e+00
6.760829753919791e+19      0.000000000000000e+00
1.059253725177285e+20      0.000000000000000e+00
1.659586907437556e+20      0.000000000000000e+00
2.600159563165267e+20      0.000000000000000e+00
4.073802778041122e+20      0.000000000000000e+00
6.382634861905482e+20      0.000000000000000e+00
10.000000000000000e+20      0.000000000000000e+00
