#Stochastic PBH background following 2205.02153
1.000000000000000e-18      8.072042879833630e-14
1.566751070108150e-18      5.982425767224197e-14
2.454708915685033e-18      4.433749745031791e-14
3.845917820453543e-18      3.285980899131274e-14
6.025595860743593e-18      2.435336022641971e-14
9.440608762859270e-18      1.804898362235026e-14
1.479108388168213e-17      1.337662674764944e-14
2.317394649968470e-17      9.913807164429760e-15
3.630780547701002e-17      7.347410849358482e-15
5.688529308438401e-17      5.445379892294474e-15
8.912509381337440e-17      4.035729426236450e-15
1.396368361055936e-16      2.990996463779870e-15
2.187761623949552e-16      2.216714477483295e-15
3.427677865464505e-16      1.642871576141617e-15
5.370317963702532e-16      1.217579910768810e-15
8.413951416451970e-16      9.023838872357430e-16
1.318256738556410e-15      6.687829461875100e-16
2.065380155810527e-15      4.956544940993608e-16
3.235936569296280e-15      3.673439625238470e-16
5.069907082747044e-15      2.722492954450456e-16
7.943282347242819e-15      2.017718716841905e-16
1.244514611771382e-14      1.495390029803011e-16
1.949844599758041e-14      1.108277047027788e-16
3.054921113215509e-14      8.213763556591560e-17
4.786300923226380e-14      6.087459082954376e-17
7.498942093324558e-14      4.511592990390536e-17
1.174897554939530e-13      3.343672792468704e-17
1.840772001468958e-13      2.478093162860347e-17
2.884031503126612e-13      1.836586922514392e-17
4.518559443749234e-13      1.361147988503196e-17
7.079457843841402e-13      1.008786365564344e-17
1.109174815262401e-12      7.476409177723525e-18
1.737800828749376e-12      5.540984305579724e-18
2.722701308077915e-12      4.106584637737733e-18
4.265795188015916e-12      3.043509321966793e-18
6.683439175686136e-12      2.255633284110659e-18
1.047128548050898e-11      1.671715435752279e-18
1.640589773199539e-11      1.238956934098569e-18
2.570395782768864e-11      9.182270210122010e-19
4.027170343254594e-11      6.805247534535054e-19
6.309573444801942e-11      5.043566889944538e-19
9.885530946569410e-11      3.737934122786140e-19
1.548816618912480e-10      2.770291702514263e-19
2.426610095082415e-10      2.053143759339185e-19
3.801893963205613e-10      1.521644559194842e-19
5.956621435290110e-10      1.127735042417336e-19
9.332543007969930e-10      8.357972420109580e-20
1.462177174456721e-09      6.194336466265570e-20
2.290867652767770e-09      4.590802927871403e-20
3.589219346450050e-09      3.402377581090380e-20
5.623413251903489e-09      2.521600989235647e-20
8.810488730080150e-09      1.868831838139625e-20
1.380384264602887e-08      1.385045633370804e-20
2.162718523727025e-08      1.026497605279029e-20
3.388441561392034e-08      7.607672326861787e-21
5.308844442309879e-08      5.638267243416154e-21
8.317637711026710e-08      4.178683852606611e-21
1.303166778452300e-07      3.096944147233360e-21
2.041737944669532e-07      2.295235387357715e-21
3.198895109691404e-07      1.701065706362627e-21
5.011872336272734e-07      1.260709273350015e-21
7.852356346100710e-07      9.343483123349180e-22
1.230268770812381e-06      6.924727113677158e-22
1.927524913190937e-06      5.132116681311795e-22
3.019951720402019e-06      3.803560948788423e-22
4.731512589614812e-06      2.818929652131453e-22
7.413102413009192e-06      2.089190758517271e-22
1.161448613840346e-05      1.548360038773480e-22
1.819700858609982e-05      1.147534661397843e-22
2.851018267503909e-05      8.504713155427200e-23
4.466835921509634e-05      6.303090293411193e-23
6.998419960022743e-05      4.671403552457472e-23
1.096478196143187e-04      3.462113048376204e-23
1.717908387157593e-04      2.565872681547971e-23
2.691534803926914e-04      1.901642877029123e-23
4.216965034285822e-04      1.409362848656208e-23
6.606934480075965e-04      1.044519800834256e-23
1.035142166679345e-03      7.741240060181067e-24
1.621810097358933e-03      5.737258175621823e-24
2.540972705549311e-03      4.252048911782430e-24
3.981071705534985e-03      3.151317126535026e-24
6.237348354824191e-03      2.335532783847981e-24
9.772372209558110e-03      1.730931279019296e-24
1.531087461682038e-02      1.282843517936413e-24
2.398832919019485e-02      9.507526448097310e-25
3.758374042884435e-02      7.046304393124729e-25
5.888436553555884e-02      5.222221139390587e-25
9.225714271547630e-02      3.870339983510727e-25
1.445439770745928e-01      2.868421537144990e-25
2.264644307593062e-01      2.125870634055739e-25
3.548133892335760e-01      1.575544561431074e-25
5.559042572704048e-01      1.167681901847067e-25
8.709635899560830e-01      8.654030214561040e-26
1.364583136588929e+00      6.413753509073752e-26
2.137962089502241e+00      4.753419280411239e-26
3.349654391578293e+00      3.522897289928495e-26
5.248074602497712e+00      2.610921650974559e-26
8.222426499470700e+00      1.935029978596406e-26
1.288249551693132e+01      1.434107000747874e-26
2.018366363681559e+01      1.062858411674781e-26
3.162277660168380e+01      7.877152839214406e-27
4.954501908047906e+01      5.837987089415807e-27
7.762471166286928e+01      4.326702039665475e-27
1.216186000646370e+02      3.206644731021266e-27
1.905460717963252e+02      2.376537680829406e-27
2.985382618917969e+02      1.761321200868808e-27
4.677351412872000e+02      1.305366372961215e-27
7.328245331389074e+02      9.674449877838260e-28
1.148153621496889e+03      7.170016202155195e-28
1.798870915128784e+03      5.313907559429683e-28
2.818382931264449e+03      3.938291456255842e-28
4.415704473533121e+03      2.918782350079571e-28
6.918309709189362e+03      2.163194497350728e-28
1.083926914021204e+04      1.603206362146495e-28
1.698243652461746e+04      1.188182866947387e-28
2.660725059798814e+04      8.805968829970930e-29
4.168693834703364e+04      6.526359636344870e-29
6.531305526474743e+04      4.836874956670971e-29
1.023292992280758e+05      3.584748719053663e-29
1.603245390690048e+05      2.656761544152326e-29
2.511886431509593e+05      1.969003256761045e-29
3.935500754557797e+05      1.459285585365773e-29
6.165950018614812e+05      1.081518993096706e-29
9.660508789898120e+05      8.015451835877090e-30
1.513561248436207e+06      5.940546767338630e-30
2.371373705661656e+06      4.402504916340038e-30
3.715352290971728e+06      3.262374100301519e-30
5.821032177708720e+06      2.417222510655487e-30
9.120108393559110e+06      1.790745734735423e-30
1.428893958511107e+07      1.326378316181282e-30
2.238721138568347e+07      9.821872390695560e-31
3.507518739525694e+07      7.270864440429540e-31
5.495408738576271e+07      5.380307705474918e-31
8.609937521846050e+07      3.979360749414402e-31
1.348962882591662e+08      2.941376185513675e-31
2.113489039836643e+08      2.172471809315191e-31
3.311311214825908e+08      1.603054080685677e-31
5.188000389289609e+08      1.181529886545422e-31
8.128305161641000e+08      8.696439046202280e-32
1.273503081016663e+09      6.390247923753325e-32
1.995262314968883e+09      4.686286372818781e-32
3.126079367123962e+09      3.428463177369580e-32
4.897788193684478e+09      2.501011142583100e-32
7.673614893618219e+09      1.818087913552047e-32
1.202264434617418e+10      1.316057694492107e-32
1.883649089489810e+10      9.477617576669400e-33
2.951209226666402e+10      6.782649310963346e-33
4.623810213992631e+10      4.816976400259549e-33
7.244359600749892e+10      3.389090057808885e-33
1.135010815672314e+11      2.357123562157402e-33
1.778279410038922e+11      1.615417081264451e-33
2.786121168629772e+11      1.083868419408630e-33
4.365158322401665e+11      6.925124906320395e-34
6.839116472814307e+11      3.573023526060167e-34
1.071519305237609e+12      8.709209494700530e-35
1.678804018122566e+12      4.959982590602491e-36
2.630267991895392e+12      4.615255023834073e-38
4.120975190973319e+12      5.333903560319487e-41
6.456542290346587e+12      7.972319946494217e-45
1.011579454259905e+13      0.000000000000000e+00
1.584893192461124e+13      0.000000000000000e+00
2.483133105295568e+13      0.000000000000000e+00
3.890451449942805e+13      0.000000000000000e+00
6.095368972401694e+13      0.000000000000000e+00
9.549925860214370e+13      0.000000000000000e+00
1.496235656094448e+14      0.000000000000000e+00
2.344228815319946e+14      0.000000000000000e+00
3.672823004980827e+14      0.000000000000000e+00
5.754399373371543e+14      0.000000000000000e+00
9.015711376059530e+14      0.000000000000000e+00
1.412537544622750e+15      0.000000000000000e+00
2.213094709605632e+15      0.000000000000000e+00
3.467368504525310e+15      0.000000000000000e+00
5.432503314924325e+15      0.000000000000000e+00
8.511380382023760e+15      0.000000000000000e+00
1.333521432163324e+16      0.000000000000000e+00
2.089296130854041e+16      0.000000000000000e+00
3.273406948788386e+16      0.000000000000000e+00
5.128613839913657e+16      0.000000000000000e+00
8.035261221856190e+16      0.000000000000000e+00
1.258925411794172e+17      0.000000000000000e+00
1.972422736114862e+17      0.000000000000000e+00
3.090295432513605e+17      0.000000000000000e+00
4.841723675841020e+17      0.000000000000000e+00
7.585775750291884e+17      0.000000000000000e+00
1.188502227437026e+18      0.000000000000000e+00
1.862087136662881e+18      0.000000000000000e+00
2.917427014001190e+18      0.000000000000000e+00
4.570881896148790e+18      0.000000000000000e+00
7.161434102129087e+18      0.000000000000000e+00
1.122018454301974e+19      0.000000000000000e+00
1.757923613958711e+19      0.000000000000000e+00
2.754228703338152e+19      0.000000000000000e+00
4.315190768277633e+19      0.000000000000000e+00
6.760829753919791e+19      0.000000000000000e+00
1.059253725177285e+20      0.000000000000000e+00
1.659586907437556e+20      0.000000000000000e+00
2.600159563165267e+20      0.000000000000000e+00
4.073802778041122e+20      0.000000000000000e+00
6.382634861905482e+20      0.000000000000000e+00
10.000000000000000e+20      0.000000000000000e+00
