#Stochastic PBH background following 2205.02153
1.000000000000000e-18      1.272000773350710e-16
1.566751070108150e-18      9.427167714177630e-17
2.454708915685033e-18      6.986748198047663e-17
3.845917820453543e-18      5.178082310926677e-17
6.025595860743593e-18      3.837627413883915e-17
9.440608762859270e-18      2.844177300294345e-17
1.479108388168213e-17      2.107902524941243e-17
2.317394649968470e-17      1.562227873133597e-17
3.630780547701002e-17      1.157812516811486e-17
5.688529308438401e-17      8.580885331385390e-18
8.912509381337440e-17      6.359543708610092e-18
1.396368361055936e-16      4.713242820504222e-18
2.187761623949552e-16      3.493121346891364e-18
3.427677865464505e-16      2.588853833506246e-18
5.370317963702532e-16      1.918674877190981e-18
8.413951416451970e-16      1.421985759380626e-18
1.318256738556410e-15      1.053875007130783e-18
2.065380155810527e-15      7.810574215164265e-19
3.235936569296280e-15      5.788643734580773e-19
5.069907082747044e-15      4.290132244162601e-19
7.943282347242819e-15      3.179541791879958e-19
1.244514611771382e-14      2.356450904297131e-19
1.949844599758041e-14      1.746434306522994e-19
3.054921113215509e-14      1.294333262551123e-19
4.786300923226380e-14      9.592680287422980e-20
7.498942093324558e-14      7.109414380292101e-20
1.174897554939530e-13      5.268993786540801e-20
1.840772001468958e-13      3.905004552775121e-20
2.884031503126612e-13      2.894112457704325e-20
4.518559443749234e-13      2.144910922546041e-20
7.079457843841402e-13      1.589655873050158e-20
1.109174815262401e-12      1.178140205339284e-20
1.737800828749376e-12      8.731539743715920e-21
2.722701308077915e-12      6.471198075625884e-21
4.265795188015916e-12      4.795993119555193e-21
6.683439175686136e-12      3.554450000450034e-21
1.047128548050898e-11      2.634306282505888e-21
1.640589773199539e-11      1.952361009205743e-21
2.570395782768864e-11      1.446951531634725e-21
4.027170343254594e-11      1.072377867119882e-21
6.309573444801942e-11      7.947704292412309e-22
9.885530946569410e-11      5.890274823488845e-22
1.548816618912480e-10      4.365454000263993e-22
2.426610095082415e-10      3.235364936186996e-22
3.801893963205613e-10      2.397823060253362e-22
5.956621435290110e-10      1.777096414681081e-22
9.332543007969930e-10      1.317057842766204e-22
1.462177174456721e-09      9.761098761224330e-23
2.290867652767770e-09      7.234234209961622e-23
3.589219346450050e-09      5.361501392904120e-23
5.623413251903489e-09      3.973564630590710e-23
8.810488730080150e-09      2.944924325558939e-23
1.380384264602887e-08      2.182569075761958e-23
2.162718523727025e-08      1.617565425749366e-23
3.388441561392034e-08      1.198824786641071e-23
5.308844442309879e-08      8.884839192202770e-24
8.317637711026710e-08      6.584812755872465e-24
1.303166778452300e-07      4.880196263760492e-24
2.041737944669532e-07      3.616855399811029e-24
3.198895109691404e-07      2.680556739138599e-24
5.011872336272734e-07      1.986638567888773e-24
7.852356346100710e-07      1.472355627395320e-24
1.230268770812381e-06      1.091205581409025e-24
1.927524913190937e-06      8.087241959367350e-25
3.019951720402019e-06      5.993690247157586e-25
4.731512589614812e-06      4.442098178756880e-25
7.413102413009192e-06      3.292168166193256e-25
1.161448613840346e-05      2.439921586228736e-25
1.819700858609982e-05      1.808296856788058e-25
2.851018267503909e-05      1.340181397929159e-25
4.466835921509634e-05      9.932474154412950e-26
6.998419960022743e-05      7.361245498596004e-26
1.096478196143187e-04      5.455633153248580e-26
1.717908387157593e-04      4.043328416162978e-26
2.691534803926914e-04      2.996628296243906e-26
4.216965034285822e-04      2.220888392333768e-26
6.606934480075965e-04      1.645964985842676e-26
1.035142166679345e-03      1.219872526675320e-26
1.621810097358933e-03      9.040830115686690e-27
2.540972705549311e-03      6.700422166525472e-27
3.981071705534985e-03      4.965877760690104e-27
6.237348354824191e-03      3.680356449376403e-27
9.772372209558110e-03      2.727619214006610e-27
1.531087461682038e-02      2.021517936904897e-27
2.398832919019485e-02      1.498205742298441e-27
3.758374042884435e-02      1.110363853457912e-27
5.888436553555884e-02      8.229229486028160e-28
9.225714271547630e-02      6.098921333112564e-28
1.445439770745928e-01      4.520087997381708e-28
2.264644307593062e-01      3.349968689241510e-28
3.548133892335760e-01      2.482759235085483e-28
5.559042572704048e-01      1.840045084361045e-28
8.709635899560830e-01      1.363710932834238e-28
1.364583136588929e+00      1.010685838155651e-28
2.137962089502241e+00      7.490486721591418e-29
3.349654391578293e+00      5.551417582809400e-29
5.248074602497712e+00      4.114317042962186e-29
8.222426499470700e+00      3.049240032388713e-29
1.288249551693132e+01      2.259880480291753e-29
2.018366363681559e+01      1.674863156378973e-29
3.162277660168380e+01      1.241289801411792e-29
4.954501908047906e+01      9.199559768334220e-30
7.762471166286928e+01      6.818061329022178e-30
1.216186000646370e+02      5.053063565749838e-30
1.905460717963252e+02      3.744972385452328e-30
2.985382618917969e+02      2.775507963695945e-30
4.677351412872000e+02      2.057009682224711e-30
7.328245331389074e+02      1.524509707092212e-30
1.148153621496889e+03      1.129858486861750e-30
1.798870915128784e+03      8.373709884526930e-31
2.818382931264449e+03      6.205999958896037e-31
4.415704473533121e+03      4.599447081512244e-31
6.918309709189362e+03      3.408784014783440e-31
1.083926914021204e+04      2.526348983587535e-31
1.698243652461746e+04      1.872350714857259e-31
2.660725059798814e+04      1.387653575258724e-31
4.168693834703364e+04      1.028430426868569e-31
6.531305526474743e+04      7.621997029855718e-32
1.023292992280758e+05      5.648883697463162e-32
1.603245390690048e+05      4.186552015498376e-32
2.511886431509593e+05      3.102775471611275e-32
3.935500754557797e+05      2.299557151468123e-32
6.165950018614812e+05      1.704268691450680e-32
9.660508789898120e+05      1.263083098763011e-32
1.513561248436207e+06      9.361076233952150e-33
2.371373705661656e+06      6.937765879670402e-33
3.715352290971728e+06      5.141780090043958e-33
5.821032177708720e+06      3.810722782076419e-33
9.120108393559110e+06      2.824237495095225e-33
1.428893958511107e+07      2.093124555325312e-33
2.238721138568347e+07      1.551275490009055e-33
3.507518739525694e+07      1.149695387109356e-33
5.495408738576271e+07      8.520726922158850e-34
8.609937521846050e+07      6.314958561723515e-34
1.348962882591662e+08      4.680199471312394e-34
2.113489039836643e+08      3.468631959683787e-34
3.311311214825908e+08      2.570704036331585e-34
5.188000389289609e+08      1.905223534587382e-34
8.128305161641000e+08      1.412016578122116e-34
1.273503081016663e+09      1.046486556929652e-34
1.995262314968883e+09      7.755816261668325e-35
3.126079367123962e+09      5.748061022517510e-35
4.897788193684478e+09      4.260055215835900e-35
7.673614893618219e+09      3.157250831345951e-35
1.202264434617418e+10      2.339930425075194e-35
1.883649089489810e+10      1.734190498845618e-35
2.951209226666402e+10      1.285259020549627e-35
4.623810213992631e+10      9.525428440553580e-36
7.244359600749892e+10      7.059572080443847e-36
1.135010815672314e+11      5.232054208375918e-36
1.778279410038922e+11      3.877627556947202e-36
2.786121168629772e+11      2.873822569790164e-36
4.365158322401665e+11      2.129873496447249e-36
6.839116472814307e+11      1.578511199179446e-36
1.071519305237609e+12      1.169880563372063e-36
1.678804018122566e+12      8.670325134640690e-37
2.630267991895392e+12      6.425830148310095e-37
4.120975190973319e+12      4.762369629018777e-37
6.456542290346587e+12      3.529530653617573e-37
1.011579454259905e+13      2.615818208803738e-37
1.584893192461124e+13      1.938691323837695e-37
2.483133105295568e+13      1.436741043967300e-37
3.890451449942805e+13      1.064652187254191e-37
6.095368972401694e+13      7.888321811304650e-38
9.549925860214370e+13      5.843784985019867e-38
1.496235656094448e+14      4.328305609144438e-38
2.344228815319946e+14      3.205031877483767e-38
3.672823004980827e+14      2.372511784158154e-38
5.754399373371543e+14      1.755535433634657e-38
9.015711376059530e+14      1.298347303774608e-38
1.412537544622750e+15      9.596151205069890e-39
2.213094709605632e+15      7.086998508520716e-39
3.467368504525310e+15      5.228891257989515e-39
5.432503314924325e+15      3.853449013576329e-39
8.511380382023760e+15      2.835818191310237e-39
1.333521432163324e+16      2.083401776702038e-39
2.089296130854041e+16      1.527517162355569e-39
3.273406948788386e+16      1.117219906544383e-39
5.128613839913657e+16      8.147271468113070e-40
8.035261221856190e+16      5.920232079375916e-40
1.258925411794172e+17      4.283404267833031e-40
1.972422736114862e+17      3.082890572126279e-40
3.090295432513605e+17      2.204687438509454e-40
4.841723675841020e+17      1.564378764173534e-40
7.585775750291884e+17      1.099472623432438e-40
1.188502227437026e+18      7.636653890318703e-41
1.862087136662881e+18      5.224317688430434e-41
2.917427014001190e+18      3.494943123682667e-41
4.570881896148790e+18      2.210700794071522e-41
7.161434102129087e+18      1.091134011325386e-41
1.122018454301974e+19      2.358055436728854e-42
1.757923613958711e+19      1.126224476893948e-43
2.754228703338152e+19      8.584672043891760e-46
4.315190768277633e+19      8.176969608743990e-49
6.760829753919791e+19      8.360672441292950e-53
1.059253725177285e+20      0.000000000000000e+00
1.659586907437556e+20      0.000000000000000e+00
2.600159563165267e+20      0.000000000000000e+00
4.073802778041122e+20      0.000000000000000e+00
6.382634861905482e+20      0.000000000000000e+00
10.000000000000000e+20      0.000000000000000e+00
