#Stochastic PBH background following 2205.02153
1.000000000000000e-18      5.059770187147898e-17
1.566751070108150e-18      3.749942857643793e-17
2.454708915685033e-18      2.779191725211581e-17
3.845917820453543e-18      2.059739825032347e-17
6.025595860743593e-18      1.526533095337745e-17
9.440608762859270e-18      1.131358078744164e-17
1.479108388168213e-17      8.384823796148970e-18
2.317394649968470e-17      6.214236802065972e-18
3.630780547701002e-17      4.605551645567918e-18
5.688529308438401e-17      3.413308284766610e-18
8.912509381337440e-17      2.529702051668062e-18
1.396368361055936e-16      1.874835771141361e-18
2.187761623949552e-16      1.389495322752913e-18
3.427677865464505e-16      1.029795399506835e-18
5.370317963702532e-16      7.632113239103155e-19
8.413951416451970e-16      5.656381114383390e-19
1.318256738556410e-15      4.192108569252937e-19
2.065380155810527e-15      3.106893595220499e-19
3.235936569296280e-15      2.302609212657468e-19
5.069907082747044e-15      1.706530662772427e-19
7.943282347242819e-15      1.264759511502796e-19
1.244514611771382e-14      9.373500616379560e-20
1.949844599758041e-14      6.946973950871413e-20
3.054921113215509e-14      5.148604459443260e-20
4.786300923226380e-14      3.815780520736501e-20
7.498942093324558e-14      2.827985932329043e-20
1.174897554939530e-13      2.095902631188897e-20
1.840772001468958e-13      1.553334402836565e-20
2.884031503126612e-13      1.151221307292765e-20
4.518559443749234e-13      8.532035960477640e-21
7.079457843841402e-13      6.323340018963969e-21
1.109174815262401e-12      4.686411213062086e-21
1.737800828749376e-12      3.473235662173418e-21
2.722701308077915e-12      2.574115974153078e-21
4.265795188015916e-12      1.907752220948845e-21
6.683439175686136e-12      1.413890661135691e-21
1.047128548050898e-11      1.047875494361868e-21
1.640589773199539e-11      7.766110080974284e-22
2.570395782768864e-11      5.755690071418202e-22
4.027170343254594e-11      4.265709325879919e-22
6.309573444801942e-11      3.161441256758870e-22
9.885530946569410e-11      2.343036071234278e-22
1.548816618912480e-10      1.736492183547061e-22
2.426610095082415e-10      1.286964866030235e-22
3.801893963205613e-10      9.538070957584210e-23
5.956621435290110e-10      7.068941817544077e-23
9.332543007969930e-10      5.238998393075454e-23
1.462177174456721e-09      3.882774094211320e-23
2.290867652767770e-09      2.877636818252299e-23
3.589219346450050e-09      2.132700346926367e-23
5.623413251903489e-09      1.580606260293221e-23
8.810488730080150e-09      1.171433274101857e-23
1.380384264602887e-08      8.681832725491210e-24
2.162718523727025e-08      6.434358758607048e-24
3.388441561392034e-08      4.768690430178820e-24
5.308844442309879e-08      3.534215183208421e-24
8.317637711026710e-08      2.619309670884321e-24
1.303166778452300e-07      1.941246584131246e-24
2.041737944669532e-07      1.438714307930206e-24
3.198895109691404e-07      1.066273021038911e-24
5.011872336272734e-07      7.902459502408736e-25
7.852356346100710e-07      5.856742593596145e-25
1.230268770812381e-06      4.340602289349012e-25
1.927524913190937e-06      3.216946610373954e-25
3.019951720402019e-06      2.384172703265229e-25
4.731512589614812e-06      1.766979738073507e-25
7.413102413009192e-06      1.309560079471721e-25
1.161448613840346e-05      9.705530656597940e-26
1.819700858609982e-05      7.193051071330911e-26
2.851018267503909e-05      5.330979370983816e-26
4.466835921509634e-05      3.950943872361060e-26
6.998419960022743e-05      2.928159423672020e-26
1.096478196143187e-04      2.170144119338102e-26
1.717908387157593e-04      1.608356929142821e-26
2.691534803926914e-04      1.192000101961300e-26
4.216965034285822e-04      8.834259468966260e-27
6.606934480075965e-04      6.547326651785284e-27
1.035142166679345e-03      4.852414221674888e-27
1.621810097358933e-03      3.596265320333811e-27
2.540972705549311e-03      2.665296832340826e-27
3.981071705534985e-03      1.975329007100803e-27
6.237348354824191e-03      1.463973782937695e-27
9.772372209558110e-03      1.084993552681389e-27
1.531087461682038e-02      8.041202807593440e-28
2.398832919019485e-02      5.959569292651549e-28
3.758374042884435e-02      4.416810146906916e-28
5.888436553555884e-02      3.273426470244168e-28
9.225714271547630e-02      2.426031570227013e-28
1.445439770745928e-01      1.798002561914621e-28
2.264644307593062e-01      1.332551996571518e-28
3.548133892335760e-01      9.875930441811340e-29
5.559042572704048e-01      7.319339308517651e-29
8.709635899560830e-01      5.424575256869257e-29
1.364583136588929e+00      4.020310505784937e-29
2.137962089502241e+00      2.979569053347966e-29
3.349654391578293e+00      2.208245291226719e-29
5.248074602497712e+00      1.636594815866321e-29
8.222426499470700e+00      1.212928021158637e-29
1.288249551693132e+01      8.989362365375940e-30
2.018366363681559e+01      6.662277919743806e-30
3.162277660168380e+01      4.937607949910425e-30
4.954501908047906e+01      3.659404870332421e-30
7.762471166286928e+01      2.712091389365083e-30
1.216186000646370e+02      2.010009814410084e-30
1.905460717963252e+02      1.489676737984365e-30
2.985382618917969e+02      1.104042760280267e-30
4.677351412872000e+02      8.182382025892020e-31
7.328245331389074e+02      6.064201317768233e-31
1.148153621496889e+03      4.494355984119789e-31
1.798870915128784e+03      3.330897945754091e-31
2.818382931264449e+03      2.468625352382201e-31
4.415704473533121e+03      1.829570052781813e-31
6.918309709189362e+03      1.355947582246900e-31
1.083926914021204e+04      1.004932193225222e-31
1.698243652461746e+04      7.447844785467289e-32
2.660725059798814e+04      5.519814403635137e-32
4.168693834703364e+04      4.090895007644320e-32
6.531305526474743e+04      3.031881280745224e-32
1.023292992280758e+05      2.247015404540177e-32
1.603245390690048e+05      1.665328474537042e-32
2.511886431509593e+05      1.234223371366426e-32
3.935500754557797e+05      9.147188399877590e-33
6.165950018614812e+05      6.779247384549378e-33
9.660508789898120e+05      5.024297422531973e-33
1.513561248436207e+06      3.723652960001751e-33
2.371373705661656e+06      2.759707517383056e-33
3.715352290971728e+06      2.045299511879585e-33
5.821032177708720e+06      1.515830959239374e-33
9.120108393559110e+06      1.123426414391986e-33
1.428893958511107e+07      8.326039924576630e-34
2.238721138568347e+07      6.170670365015647e-34
3.507518739525694e+07      4.573263291866631e-34
5.495408738576271e+07      3.389378446677370e-34
8.609937521846050e+07      2.511966952620432e-34
1.348962882591662e+08      1.861691773381897e-34
2.113489039836643e+08      1.379753923698043e-34
3.311311214825908e+08      1.022575765322251e-34
5.188000389289609e+08      7.578606430208852e-35
8.128305161641000e+08      5.616725661976055e-35
1.273503081016663e+09      4.162718760028153e-35
1.995262314968883e+09      3.085111952751840e-35
3.126079367123962e+09      2.286466203868143e-35
4.897788193684478e+09      1.694566609412024e-35
7.673614893618219e+09      1.255892603562734e-35
1.202264434617418e+10      9.307785382546040e-36
1.883649089489810e+10      6.898270479638987e-36
2.951209226666402e+10      5.112508900290320e-36
4.623810213992631e+10      3.789029051948049e-36
7.244359600749892e+10      2.808159640698355e-36
1.135010815672314e+11      2.081208789780268e-36
1.778279410038922e+11      1.542444369573474e-36
2.786121168629772e+11      1.143150386886506e-36
4.365158322401665e+11      8.472220021783550e-37
6.839116472814307e+11      6.279008686950328e-37
1.071519305237609e+12      4.653555973455214e-37
1.678804018122566e+12      3.448885688450715e-37
2.630267991895392e+12      2.556069500367135e-37
4.120975190973319e+12      1.894377454313954e-37
6.456542290346587e+12      1.403978232554931e-37
1.011579454259905e+13      1.040529105220965e-37
1.584893192461124e+13      7.711663854229887e-38
2.483133105295568e+13      5.715338389117638e-38
3.890451449942805e+13      4.235803520430244e-38
6.095368972401694e+13      3.139277194479334e-38
9.549925860214370e+13      2.326609639999785e-38
1.496235656094448e+14      1.724336508359231e-38
2.344228815319946e+14      1.277898435280083e-38
3.672823004980827e+14      9.469594777109900e-39
5.754399373371543e+14      7.016422628754759e-39
9.015711376059530e+14      5.197983870710161e-39
1.412537544622750e+15      3.850089519407467e-39
2.213094709605632e+15      2.851023282506981e-39
3.467368504525310e+15      2.110553664769892e-39
5.432503314924325e+15      1.561788980324080e-39
8.511380382023760e+15      1.155140184163577e-39
1.333521432163324e+16      8.538461206759910e-40
2.089296130854041e+16      6.306561597553441e-40
3.273406948788386e+16      4.653698148003610e-40
5.128613839913657e+16      3.430115247251699e-40
8.035261221856190e+16      2.524772514969388e-40
1.258925411794172e+17      1.855319321299438e-40
1.972422736114862e+17      1.360673821160510e-40
3.090295432513605e+17      9.955288836496520e-41
4.841723675841020e+17      7.262818979402786e-41
7.585775750291884e+17      5.280160350916157e-41
1.188502227437026e+18      3.822600604464391e-41
1.862087136662881e+18      2.753253323584143e-41
2.917427014001190e+18      1.970712077346612e-41
4.570881896148790e+18      1.399884413236379e-41
7.161434102129087e+18      9.851803415897920e-42
1.122018454301974e+19      6.854216888861325e-42
1.757923613958711e+19      4.699476376324789e-42
2.754228703338152e+19      3.155317559470510e-42
4.315190768277633e+19      2.020545973134117e-42
6.760829753919791e+19      1.053170740826262e-42
1.059253725177285e+20      2.642360753976824e-43
1.659586907437556e+20      1.571674810723018e-44
2.600159563165267e+20      1.536417097383938e-46
4.073802778041122e+20      1.864845633479452e-49
6.382634861905482e+20      3.037226084907448e-53
10.000000000000000e+20      5.470925311058280e-60
