#Stochastic PBH background following 2205.02153
1.000000000000000e-18      8.038972489961200e-16
1.566751070108150e-18      5.957916339381775e-16
2.454708915685033e-18      4.415585095159797e-16
3.845917820453543e-18      3.272518548761716e-16
6.025595860743593e-18      2.425358683207965e-16
9.440608762859270e-18      1.797503865772768e-16
1.479108388168213e-17      1.332182398355386e-16
2.317394649968470e-17      9.873191241927870e-17
3.630780547701002e-17      7.317309207809839e-17
5.688529308438401e-17      5.423070690185850e-17
8.912509381337440e-17      4.019195427653044e-17
1.396368361055936e-16      2.978742636510523e-17
2.187761623949552e-16      2.207632809670785e-17
3.427677865464505e-16      1.636140887970167e-17
5.370317963702532e-16      1.212591601991551e-17
8.413951416451970e-16      8.986869065075570e-18
1.318256738556410e-15      6.660430062369422e-18
2.065380155810527e-15      4.936238449062285e-18
3.235936569296280e-15      3.658389893419661e-18
5.069907082747044e-15      2.711339160452748e-18
7.943282347242819e-15      2.009452315683327e-18
1.244514611771382e-14      1.489263559462193e-18
1.949844599758041e-14      1.103736541659503e-18
3.054921113215509e-14      8.180112550624770e-19
4.786300923226380e-14      6.062519343636223e-19
7.498942093324558e-14      4.493109424167547e-19
1.174897554939530e-13      3.329974083915203e-19
1.840772001468958e-13      2.467940651501346e-19
2.884031503126612e-13      1.829062601043349e-19
4.518559443749234e-13      1.355571495003449e-19
7.079457843841402e-13      1.004653464029979e-19
1.109174815262401e-12      7.445779042328352e-20
1.737800828749376e-12      5.518283421309304e-20
2.722701308077915e-12      4.089760352111485e-20
4.265795188015916e-12      3.031040354526508e-20
6.683439175686136e-12      2.246392169659752e-20
1.047128548050898e-11      1.664866577039339e-20
1.640589773199539e-11      1.233881045695823e-20
2.570395782768864e-11      9.144651324761650e-21
4.027170343254594e-11      6.777367084385880e-21
6.309573444801942e-11      5.022903877389152e-21
9.885530946569410e-11      3.722620163162834e-21
1.548816618912480e-10      2.758942081605132e-21
2.426610095082415e-10      2.044732225160596e-21
3.801893963205613e-10      1.515410526551455e-21
5.956621435290110e-10      1.123114819497987e-21
9.332543007969930e-10      8.323730604184660e-22
1.462177174456721e-09      6.168958860502745e-22
2.290867652767770e-09      4.571994846090183e-22
3.589219346450050e-09      3.388438364617594e-22
5.623413251903489e-09      2.511270230462085e-22
8.810488730080150e-09      1.861175412325027e-22
1.380384264602887e-08      1.379371233499570e-22
2.162718523727025e-08      1.022292142484983e-22
3.388441561392034e-08      7.576504418865452e-23
5.308844442309879e-08      5.615167800228992e-23
8.317637711026710e-08      4.161564183374408e-23
1.303166778452300e-07      3.084256262410972e-23
2.041737944669532e-07      2.285832026867352e-23
3.198895109691404e-07      1.694096602390648e-23
5.011872336272734e-07      1.255544267688258e-23
7.852356346100710e-07      9.305203764061050e-24
1.230268770812381e-06      6.896357167089108e-24
1.927524913190937e-06      5.111090888707730e-24
3.019951720402019e-06      3.787978122318973e-24
4.731512589614812e-06      2.807380766182200e-24
7.413102413009192e-06      2.080631543221487e-24
1.161448613840346e-05      1.542016555358587e-24
1.819700858609982e-05      1.142833321328170e-24
2.851018267503909e-05      8.469870156706950e-25
4.466835921509634e-05      6.277267133592332e-25
6.998419960022743e-05      4.652265257605634e-25
1.096478196143187e-04      3.447929101391980e-25
1.717908387157593e-04      2.555360545873984e-25
2.691534803926914e-04      1.893852027517967e-25
4.216965034285822e-04      1.403588823473515e-25
6.606934480075965e-04      1.040240502824119e-25
1.035142166679345e-03      7.709524937922065e-26
1.621810097358933e-03      5.713753176027950e-26
2.540972705549311e-03      4.234628672900923e-26
3.981071705534985e-03      3.138406480802963e-26
6.237348354824191e-03      2.325964328768082e-26
9.772372209558110e-03      1.723839818644957e-26
1.531087461682038e-02      1.277587830385926e-26
2.398832919019485e-02      9.468575018955440e-27
3.758374042884435e-02      7.017436356019793e-27
5.888436553555884e-02      5.200826197416656e-27
9.225714271547630e-02      3.854483569705937e-27
1.445439770745928e-01      2.856669887663768e-27
2.264644307593062e-01      2.117161144808696e-27
3.548133892335760e-01      1.569089705619932e-27
5.559042572704048e-01      1.162898020455080e-27
8.709635899560830e-01      8.618575478092580e-28
1.364583136588929e+00      6.387476972616273e-28
2.137962089502241e+00      4.733944974945298e-28
3.349654391578293e+00      3.508464315704725e-28
5.248074602497712e+00      2.600224953969966e-28
8.222426499470700e+00      1.927102345314861e-28
1.288249551693132e+01      1.428231601134360e-28
2.018366363681559e+01      1.058503982125315e-28
3.162277660168380e+01      7.844880895264174e-29
4.954501908047906e+01      5.814069413070467e-29
7.762471166286928e+01      4.308975954040057e-29
1.216186000646370e+02      3.193507413371225e-29
1.905460717963252e+02      2.366801232597958e-29
2.985382618917969e+02      1.754105235883492e-29
4.677351412872000e+02      1.300018411422107e-29
7.328245331389074e+02      9.634814579327280e-30
1.148153621496889e+03      7.140641329569319e-30
1.798870915128784e+03      5.292136986938663e-30
2.818382931264449e+03      3.922156651748995e-30
4.415704473533121e+03      2.906824377151591e-30
6.918309709189362e+03      2.154332095796026e-30
1.083926914021204e+04      1.596638178576436e-30
1.698243652461746e+04      1.183314995056938e-30
2.660725059798814e+04      8.769891615488310e-31
4.168693834703364e+04      6.499621763325282e-31
6.531305526474743e+04      4.817058741260101e-31
1.023292992280758e+05      3.570062345424679e-31
1.603245390690048e+05      2.645877045477982e-31
2.511886431509593e+05      1.960936438199519e-31
3.935500754557797e+05      1.453307031492828e-31
6.165950018614812e+05      1.077088112925160e-31
9.660508789898120e+05      7.982613294129669e-32
1.513561248436207e+06      5.916146900048772e-32
2.371373705661656e+06      4.384628548735527e-32
3.715352290971728e+06      3.249575751783332e-32
5.821032177708720e+06      2.408355109037346e-32
9.120108393559110e+06      1.784902022377294e-32
1.428893958511107e+07      1.322842805669133e-32
2.238721138568347e+07      9.803972803951960e-33
3.507518739525694e+07      7.266009410090895e-33
5.495408738576271e+07      5.385050917955213e-33
8.609937521846050e+07      3.991017868583730e-33
1.348962882591662e+08      2.957859427892430e-33
2.113489039836643e+08      2.192155656340589e-33
3.311311214825908e+08      1.624670319458054e-33
5.188000389289609e+08      1.204090430026396e-33
8.128305161641000e+08      8.923864406932570e-34
1.273503081016663e+09      6.613735477622916e-34
1.995262314968883e+09      4.901631734115894e-34
3.126079367123962e+09      3.632741850378226e-34
4.897788193684478e+09      2.692330649738157e-34
7.673614893618219e+09      1.995364555498154e-34
1.202264434617418e+10      1.478822710622695e-34
1.883649089489810e+10      1.095998524894855e-34
2.951209226666402e+10      8.122763857649300e-35
4.623810213992631e+10      6.020016559188659e-35
7.244359600749892e+10      4.461609374348320e-35
1.135010815672314e+11      3.306637195222415e-35
1.778279410038922e+11      2.450645032790660e-35
2.786121168629772e+11      1.816104415846627e-35
4.365158322401665e+11      1.345729806888668e-35
6.839116472814307e+11      9.970548486761250e-36
1.071519305237609e+12      7.385987611172664e-36
1.678804018122566e+12      5.470243813081782e-36
2.630267991895392e+12      4.050313776418514e-36
4.120975190973319e+12      2.997945004090813e-36
6.456542290346587e+12      2.218059377013777e-36
1.011579454259905e+13      1.640172734203946e-36
1.584893192461124e+13      1.212034778153816e-36
2.483133105295568e+13      8.949133177940200e-37
3.890451449942805e+13      6.600961723123460e-37
6.095368972401694e+13      4.862964240585915e-37
9.549925860214370e+13      3.577290411493920e-37
1.496235656094448e+14      2.626866442954269e-37
2.344228815319946e+14      1.924853310072463e-37
3.672823004980827e+14      1.406840583139006e-37
5.754399373371543e+14      1.025060605733639e-37
9.015711376059530e+14      7.440963780235402e-38
1.412537544622750e+15      5.376958016906871e-38
2.213094709605632e+15      3.864066375630596e-38
3.467368504525310e+15      2.758207282125400e-38
5.432503314924325e+15      1.952702471958112e-38
8.511380382023760e+15      1.368576785593839e-38
1.333521432163324e+16      9.472657986920960e-39
2.089296130854041e+16      6.449518349064748e-39
3.273406948788386e+16      4.277731752730201e-39
5.128613839913657e+16      2.615919435480413e-39
8.035261221856190e+16      1.122680676980418e-39
1.258925411794172e+17      1.739861628272497e-40
1.972422736114862e+17      5.282811606597457e-42
3.090295432513605e+17      2.407861754909888e-44
4.841723675841020e+17      1.425211986383511e-47
7.585775750291884e+17      4.236499486645596e-52
1.188502227437026e+18      0.000000000000000e+00
1.862087136662881e+18      0.000000000000000e+00
2.917427014001190e+18      0.000000000000000e+00
4.570881896148790e+18      0.000000000000000e+00
7.161434102129087e+18      0.000000000000000e+00
1.122018454301974e+19      0.000000000000000e+00
1.757923613958711e+19      0.000000000000000e+00
2.754228703338152e+19      0.000000000000000e+00
4.315190768277633e+19      0.000000000000000e+00
6.760829753919791e+19      0.000000000000000e+00
1.059253725177285e+20      0.000000000000000e+00
1.659586907437556e+20      0.000000000000000e+00
2.600159563165267e+20      0.000000000000000e+00
4.073802778041122e+20      0.000000000000000e+00
6.382634861905482e+20      0.000000000000000e+00
10.000000000000000e+20      0.000000000000000e+00
