#Stochastic PBH background following 2205.02153
1.000000000000000e-18      2.020957246272238e-15
1.566751070108150e-18      1.497790198161940e-15
2.454708915685033e-18      1.110055881611553e-15
3.845917820453543e-18      8.226947017096010e-16
6.025595860743593e-18      6.097229728997501e-16
9.440608762859270e-18      4.518834300368884e-16
1.479108388168213e-17      3.349039537919424e-16
2.317394649968470e-17      2.482070614014770e-16
3.630780547701002e-17      1.839534727255838e-16
5.688529308438401e-17      1.363332692338976e-16
8.912509381337440e-17      1.010405513122852e-16
1.396368361055936e-16      7.488409151236098e-17
2.187761623949552e-16      5.549877834989447e-17
3.427677865464505e-16      4.113175891066644e-17
5.370317963702532e-16      3.048394291526608e-17
8.413951416451970e-16      2.259253677139051e-17
1.318256738556410e-15      1.674398614330883e-17
2.065380155810527e-15      1.240945515787970e-17
3.235936569296280e-15      9.197008167434820e-18
5.069907082747044e-15      6.816170263378030e-18
7.943282347242819e-15      5.051662041996137e-18
1.244514611771382e-14      3.743933675432797e-18
1.949844599758041e-14      2.774738145487845e-18
3.054921113215509e-14      2.056439147559232e-18
4.786300923226380e-14      1.524086867256666e-18
7.498942093324558e-14      1.129545107960620e-18
1.174897554939530e-13      8.371387342339090e-19
1.840772001468958e-13      6.204278655325588e-19
2.884031503126612e-13      4.598171373369178e-19
4.518559443749234e-13      3.407838550372500e-19
7.079457843841402e-13      2.525648272412166e-19
1.109174815262401e-12      1.871831397423835e-19
1.737800828749376e-12      1.387268694003595e-19
2.722701308077915e-12      1.028145180175474e-19
4.265795188015916e-12      7.619882983644421e-20
6.683439175686136e-12      5.647316916325382e-20
1.047128548050898e-11      4.185390828424707e-20
1.640589773199539e-11      3.101914882095901e-20
2.570395782768864e-11      2.298919343546587e-20
4.027170343254594e-11      1.703795993448306e-20
6.309573444801942e-11      1.262732768524235e-20
9.885530946569410e-11      9.358479834653150e-21
1.548816618912480e-10      6.935841612629296e-21
2.426610095082415e-10      5.140353959769254e-21
3.801893963205613e-10      3.809665835448440e-21
5.956621435290110e-10      2.823454161206160e-21
9.332543007969930e-10      2.092544003795545e-21
1.462177174456721e-09      1.550845226384028e-21
2.290867652767770e-09      1.149376506221911e-21
3.589219346450050e-09      8.518363603150130e-22
5.623413251903489e-09      6.313207037265050e-22
8.810488730080150e-09      4.678901365590194e-22
1.380384264602887e-08      3.467669895775459e-22
2.162718523727025e-08      2.569991022785878e-22
3.388441561392034e-08      1.904695099509462e-22
5.308844442309879e-08      1.411624939515451e-22
8.317637711026710e-08      1.046196302166785e-22
1.303166778452300e-07      7.753665099195246e-23
2.041737944669532e-07      5.746466733438535e-23
3.198895109691404e-07      4.258873641826897e-23
5.011872336272734e-07      3.156375132479813e-23
7.852356346100710e-07      2.339281419174332e-23
1.230268770812381e-06      1.733709501695063e-23
1.927524913190937e-06      1.284902539570739e-23
3.019951720402019e-06      9.522786456330560e-24
4.731512589614812e-06      7.057614029089582e-24
7.413102413009192e-06      5.230603039564056e-24
1.161448613840346e-05      3.876552053531048e-24
1.819700858609982e-05      2.873025482925637e-24
2.851018267503909e-05      2.129282752187338e-24
4.466835921509634e-05      1.578073381425637e-24
6.998419960022743e-05      1.169556083900050e-24
1.096478196143187e-04      8.667920322893290e-25
1.717908387157593e-04      6.424047872376105e-25
2.691534803926914e-04      4.761048732483619e-25
4.216965034285822e-04      3.528551698774873e-25
6.606934480075965e-04      2.615112297838652e-25
1.035142166679345e-03      1.938135788879449e-25
1.621810097358933e-03      1.436408807086389e-25
2.540972705549311e-03      1.064564347304190e-25
3.981071705534985e-03      7.889796024364236e-26
6.237348354824191e-03      5.847357321678817e-26
9.772372209558110e-03      4.333646591344666e-26
1.531087461682038e-02      3.211791540264754e-26
2.398832919019485e-02      2.380352130863431e-26
3.758374042884435e-02      1.764148200738764e-26
5.888436553555884e-02      1.307461544792919e-26
9.225714271547630e-02      9.689977805699230e-27
1.445439770745928e-01      7.181524401149045e-27
2.264644307593062e-01      5.322436620439454e-27
3.548133892335760e-01      3.944612591452370e-27
5.559042572704048e-01      2.923467127234641e-27
8.709635899560830e-01      2.166666521965028e-27
1.364583136588929e+00      1.605779580577870e-27
2.137962089502241e+00      1.190089953973295e-27
3.349654391578293e+00      8.820102806628490e-28
5.248074602497712e+00      6.536834737556481e-28
8.222426499470700e+00      4.844638358864954e-28
1.288249551693132e+01      3.590502402231328e-28
2.018366363681559e+01      2.661025766110913e-28
3.162277660168380e+01      1.972163595686672e-28
4.954501908047906e+01      1.461627804467367e-28
7.762471166286928e+01      1.083254879800300e-28
1.216186000646370e+02      8.028316997149470e-29
1.905460717963252e+02      5.950019243726030e-29
2.985382618917969e+02      4.409732327868984e-29
4.677351412872000e+02      3.268180892684890e-29
7.328245331389074e+02      2.422143920121390e-29
1.148153621496889e+03      1.795121311342504e-29
1.798870915128784e+03      1.330416617966512e-29
2.818382931264449e+03      9.860104529858870e-30
4.415704473533121e+03      7.307610264846422e-30
6.918309709189362e+03      5.415882521445554e-30
1.083926914021204e+04      4.013868066719604e-30
1.698243652461746e+04      2.974794374367477e-30
2.660725059798814e+04      2.204706637754712e-30
4.168693834703364e+04      1.633972216850522e-30
6.531305526474743e+04      1.210984336745327e-30
1.023292992280758e+05      8.974957154835610e-31
1.603245390690048e+05      6.651601799212595e-31
2.511886431509593e+05      4.929695566451829e-31
3.935500754557797e+05      3.653540772806280e-31
6.165950018614812e+05      2.707745336121339e-31
9.660508789898120e+05      2.006788827938880e-31
1.513561248436207e+06      1.487289571222748e-31
2.371373705661656e+06      1.102273561558474e-31
3.715352290971728e+06      8.169269979563620e-32
5.821032177708720e+06      6.054483598848346e-32
9.120108393559110e+06      4.487153899972069e-32
1.428893958511107e+07      3.325560271707470e-32
2.238721138568347e+07      2.464669446891026e-32
3.507518739525694e+07      1.826638216158141e-32
5.495408738576271e+07      1.353774712847699e-32
8.609937521846050e+07      1.003321816511915e-32
1.348962882591662e+08      7.435909815239825e-33
2.113489039836643e+08      5.510969050050919e-33
3.311311214825908e+08      4.084339458821076e-33
5.188000389289609e+08      3.027022772833158e-33
8.128305161641000e+08      2.243414623008673e-33
1.273503081016663e+09      1.662659830609260e-33
1.995262314968883e+09      1.232245561729552e-33
3.126079367123962e+09      9.132530277379530e-34
4.897788193684478e+09      6.768383823609885e-34
7.673614893618219e+09      5.016246121534779e-34
1.202264434617418e+10      3.717709249424742e-34
1.883649089489810e+10      2.755278271360246e-34
2.951209226666402e+10      2.041836287980576e-34
4.623810213992631e+10      1.512974379281395e-34
7.244359600749892e+10      1.120945565895949e-34
1.135010815672314e+11      8.303544688855940e-35
1.778279410038922e+11      6.149619526291605e-35
2.786121168629772e+11      4.553163646072218e-35
4.365158322401665e+11      3.369975962052912e-35
6.839116472814307e+11      2.493155091635953e-35
1.071519305237609e+12      1.843452176928615e-35
1.678804018122566e+12      1.362119899700303e-35
2.630267991895392e+12      1.005609989917415e-35
4.120975190973319e+12      7.416398167145343e-36
6.456542290346587e+12      5.462748088763239e-36
1.011579454259905e+13      4.017661314317871e-36
1.584893192461124e+13      2.949496561021593e-36
2.483133105295568e+13      2.160609250679348e-36
3.890451449942805e+13      1.578574931631932e-36
6.095368972401694e+13      1.149684112565762e-36
9.549925860214370e+13      8.341156214260220e-37
1.496235656094448e+14      6.023540611170354e-37
2.344228815319946e+14      4.325301800243960e-37
3.672823004980827e+14      3.084463922921127e-37
5.754399373371543e+14      2.181104940717982e-37
9.015711376059530e+14      1.526440657345860e-37
1.412537544622750e+15      1.054596494589603e-37
2.213094709605632e+15      7.161846987316903e-38
3.467368504525310e+15      4.726377872079752e-38
5.432503314924325e+15      2.827286255836197e-38
8.511380382023760e+15      1.110875739697662e-38
1.333521432163324e+16      1.433055626219634e-39
2.089296130854041e+16      3.460317859307222e-41
3.273406948788386e+16      1.199619253450472e-43
5.128613839913657e+16      5.682907493724771e-47
8.035261221856190e+16      7.546470620009035e-52
1.258925411794172e+17      0.000000000000000e+00
1.972422736114862e+17      0.000000000000000e+00
3.090295432513605e+17      0.000000000000000e+00
4.841723675841020e+17      0.000000000000000e+00
7.585775750291884e+17      0.000000000000000e+00
1.188502227437026e+18      0.000000000000000e+00
1.862087136662881e+18      0.000000000000000e+00
2.917427014001190e+18      0.000000000000000e+00
4.570881896148790e+18      0.000000000000000e+00
7.161434102129087e+18      0.000000000000000e+00
1.122018454301974e+19      0.000000000000000e+00
1.757923613958711e+19      0.000000000000000e+00
2.754228703338152e+19      0.000000000000000e+00
4.315190768277633e+19      0.000000000000000e+00
6.760829753919791e+19      0.000000000000000e+00
1.059253725177285e+20      0.000000000000000e+00
1.659586907437556e+20      0.000000000000000e+00
2.600159563165267e+20      0.000000000000000e+00
4.073802778041122e+20      0.000000000000000e+00
6.382634861905482e+20      0.000000000000000e+00
10.000000000000000e+20      0.000000000000000e+00
