#Stochastic PBH background following 2205.02153
1.000000000000000e-18      3.197745959916114e-16
1.566751070108150e-18      2.369942542727660e-16
2.454708915685033e-18      1.756433352190924e-16
3.845917820453543e-18      1.301743846134739e-16
6.025595860743593e-18      9.647602277854420e-17
9.440608762859270e-18      7.150118664899587e-17
1.479108388168213e-17      5.299160915816202e-17
2.317394649968470e-17      3.927362289742991e-17
3.630780547701002e-17      2.910682426883715e-17
5.688529308438401e-17      2.157191408670394e-17
8.912509381337440e-17      1.598757298515574e-17
1.396368361055936e-16      1.184885536482016e-17
2.187761623949552e-16      8.781531354808060e-18
3.427677865464505e-16      6.508248312696618e-18
5.370317963702532e-16      4.823452127916955e-18
8.413951416451970e-16      3.574800670238520e-18
1.318256738556410e-15      2.649388755819699e-18
2.065380155810527e-15      1.963539068877797e-18
3.235936569296280e-15      1.455235916790408e-18
5.069907082747044e-15      1.078517665924077e-18
7.943282347242819e-15      7.993208127214271e-19
1.244514611771382e-14      5.923999039016400e-19
1.949844599758041e-14      4.390447997317159e-19
3.054921113215509e-14      3.253888714395669e-19
4.786300923226380e-14      2.411551571079149e-19
7.498942093324558e-14      1.787271013370971e-19
1.174897554939530e-13      1.324598533800651e-19
1.840772001468958e-13      9.816985015817810e-20
2.884031503126612e-13      7.275653138786836e-20
4.518559443749234e-13      5.392198165795911e-20
7.079457843841402e-13      3.996314901848243e-20
1.109174815262401e-12      2.961785213317927e-20
1.737800828749376e-12      2.195065170107512e-20
2.722701308077915e-12      1.626826644738842e-20
4.265795188015916e-12      1.205688545412353e-20
6.683439175686136e-12      8.935708504896750e-21
1.047128548050898e-11      6.622513483129763e-21
1.640589773199539e-11      4.908137369320131e-21
2.570395782768864e-11      3.637563365855474e-21
4.027170343254594e-11      2.695904015100266e-21
6.309573444801942e-11      1.998012880505378e-21
9.885530946569410e-11      1.480785461316554e-21
1.548816618912480e-10      1.097453176523996e-21
2.426610095082415e-10      8.133544703982850e-22
3.801893963205613e-10      6.028006557985570e-22
5.956621435290110e-10      4.467530994859295e-22
9.332543007969930e-10      3.311017165963118e-22
1.462177174456721e-09      2.453891128213141e-22
2.290867652767770e-09      1.818650090680397e-22
3.589219346450050e-09      1.347854480708046e-22
5.623413251903489e-09      9.989341602732860e-23
8.810488730080150e-09      7.403391618631564e-23
1.380384264602887e-08      5.486868868697939e-23
2.162718523727025e-08      4.066478113425981e-23
3.388441561392034e-08      3.013785210233511e-23
5.308844442309879e-08      2.233603880329258e-23
8.317637711026710e-08      1.655388803847555e-23
1.303166778452300e-07      1.226856792306381e-23
2.041737944669532e-07      9.092592539769980e-24
3.198895109691404e-07      6.738784804611027e-24
5.011872336272734e-07      4.994309427617361e-24
7.852356346100710e-07      3.701427984719193e-24
1.230268770812381e-06      2.743235941750307e-24
1.927524913190937e-06      2.033091948074629e-24
3.019951720402019e-06      1.506783578625963e-24
4.731512589614812e-06      1.116721137461080e-24
7.413102413009192e-06      8.276345166898950e-25
1.161448613840346e-05      6.133840134644973e-25
1.819700858609982e-05      4.545967336869643e-25
2.851018267503909e-05      3.369148620480269e-25
4.466835921509634e-05      2.496974040007185e-25
6.998419960022743e-05      1.850580089750101e-25
1.096478196143187e-04      1.371518731756473e-25
1.717908387157593e-04      1.016472425039924e-25
2.691534803926914e-04      7.533372800117205e-26
4.216965034285822e-04      5.583201703018808e-26
6.606934480075965e-04      4.137873178944115e-26
1.035142166679345e-03      3.066698169934879e-26
1.621810097358933e-03      2.272819213826599e-26
2.540972705549311e-03      1.684452428146542e-26
3.981071705534985e-03      1.248396689638885e-26
6.237348354824191e-03      9.252230984143570e-27
9.772372209558110e-03      6.857097499089661e-27
1.531087461682038e-02      5.081994406819699e-27
2.398832919019485e-02      3.766413873271545e-27
3.758374042884435e-02      2.791398873980614e-27
5.888436553555884e-02      2.068786898050615e-27
9.225714271547630e-02      1.533238144300980e-27
1.445439770745928e-01      1.136327385558491e-27
2.264644307593062e-01      8.421652774356750e-28
3.548133892335760e-01      6.241531829048753e-28
5.559042572704048e-01      4.625780783986812e-28
8.709635899560830e-01      3.428300687647508e-28
1.364583136588929e+00      2.540813357522452e-28
2.137962089502241e+00      1.883070683101144e-28
3.349654391578293e+00      1.395598455532630e-28
5.248074602497712e+00      1.034318608729812e-28
8.222426499470700e+00      7.665636058306426e-29
1.288249551693132e+01      5.681225850762750e-29
2.018366363681559e+01      4.210521726034794e-29
3.162277660168380e+01      3.120540121289284e-29
4.954501908047906e+01      2.312723050059303e-29
7.762471166286928e+01      1.714026321848967e-29
1.216186000646370e+02      1.270314762468324e-29
1.905460717963252e+02      9.414672197123620e-30
2.985382618917969e+02      6.977487406905790e-30
4.677351412872000e+02      5.171218869245737e-30
7.328245331389074e+02      3.832540717619417e-30
1.148153621496889e+03      2.840407401737604e-30
1.798870915128784e+03      2.105108543467007e-30
2.818382931264449e+03      1.560157172195378e-30
4.415704473533121e+03      1.156277860116350e-30
6.918309709189362e+03      8.569511544237010e-31
1.083926914021204e+04      6.351114264128682e-31
1.698243652461746e+04      4.706995514014467e-31
2.660725059798814e+04      3.488491286338383e-31
4.168693834703364e+04      2.585422360957327e-31
6.531305526474743e+04      1.916131713074822e-31
1.023292992280758e+05      1.420100946481933e-31
1.603245390690048e+05      1.052478117468605e-31
2.511886431509593e+05      7.800221459568971e-32
3.935500754557797e+05      5.780971006281777e-32
6.165950018614812e+05      4.284445762046023e-32
9.660508789898120e+05      3.175327374582459e-32
1.513561248436207e+06      2.353327477054527e-32
2.371373705661656e+06      1.744119443743361e-32
3.715352290971728e+06      1.292617650413457e-32
5.821032177708720e+06      9.579965386856070e-33
9.120108393559110e+06      7.099990997647683e-33
1.428893958511107e+07      5.262009843568073e-33
2.238721138568347e+07      3.899828549498297e-33
3.507518739525694e+07      2.890276371123104e-33
5.495408738576271e+07      2.142067887201662e-33
8.609937521846050e+07      1.587548816861970e-33
1.348962882591662e+08      1.176578604710939e-33
2.113489039836643e+08      8.719966267241470e-34
3.311311214825908e+08      6.462620635576626e-34
5.188000389289609e+08      4.789636129245394e-34
8.128305161641000e+08      3.549738650027678e-34
1.273503081016663e+09      2.630814563670322e-34
1.995262314968883e+09      1.949773194814188e-34
3.126079367123962e+09      1.445033627118205e-34
4.897788193684478e+09      1.070956452297208e-34
7.673614893618219e+09      7.937169773719049e-35
1.202264434617418e+10      5.882467385271063e-35
1.883649089489810e+10      4.359667680708302e-35
2.951209226666402e+10      3.231076526459430e-35
4.623810213992631e+10      2.394644795068646e-35
7.244359600749892e+10      1.774740909907505e-35
1.135010815672314e+11      1.315312109664687e-35
1.778279410038922e+11      9.748160625433130e-36
2.786121168629772e+11      7.224645381199285e-36
4.365158322401665e+11      5.354394833001130e-36
6.839116472814307e+11      3.968297752340345e-36
1.071519305237609e+12      2.941015094402534e-36
1.678804018122566e+12      2.179690360033032e-36
2.630267991895392e+12      1.615325316333772e-36
4.120975190973319e+12      1.196969964956198e-36
6.456542290346587e+12      8.868545541402860e-37
1.011579454259905e+13      6.569799601768285e-37
1.584893192461124e+13      4.865900400709613e-37
2.483133105295568e+13      3.602978511186421e-37
3.890451449942805e+13      2.666966057732132e-37
6.095368972401694e+13      1.973300541392673e-37
9.549925860214370e+13      1.459293179148751e-37
1.496235656094448e+14      1.078472204738339e-37
2.344228815319946e+14      7.963888594873526e-38
3.672823004980827e+14      5.875065048004600e-38
5.754399373371543e+14      4.328929220336620e-38
9.015711376059530e+14      3.185095521638948e-38
1.412537544622750e+15      2.339445442699959e-38
2.213094709605632e+15      1.714749894215442e-38
3.467368504525310e+15      1.253725714614514e-38
5.432503314924325e+15      9.138899031252230e-39
8.511380382023760e+15      6.637426856445586e-39
1.333521432163324e+16      4.799345931930437e-39
2.089296130854041e+16      3.451633774567001e-39
3.273406948788386e+16      2.466127062076700e-39
5.128613839913657e+16      1.747928932417852e-39
8.035261221856190e+16      1.226787727022315e-39
1.258925411794172e+17      8.506303298299360e-40
1.972422736114862e+17      5.805672108716714e-40
3.090295432513605e+17      3.867846652993084e-40
4.841723675841020e+17      2.409486368526723e-40
7.585775750291884e+17      1.115288926010104e-40
1.188502227437026e+18      2.052235577153427e-41
1.862087136662881e+18      7.831327499430929e-43
2.917427014001190e+18      4.629542012477867e-45
4.570881896148790e+18      3.475456500754481e-48
7.161434102129087e+18      2.023618710546988e-52
1.122018454301974e+19      0.000000000000000e+00
1.757923613958711e+19      0.000000000000000e+00
2.754228703338152e+19      0.000000000000000e+00
4.315190768277633e+19      0.000000000000000e+00
6.760829753919791e+19      0.000000000000000e+00
1.059253725177285e+20      0.000000000000000e+00
1.659586907437556e+20      0.000000000000000e+00
2.600159563165267e+20      0.000000000000000e+00
4.073802778041122e+20      0.000000000000000e+00
6.382634861905482e+20      0.000000000000000e+00
10.000000000000000e+20      0.000000000000000e+00
