#Stochastic PBH background following 2205.02153
1.000000000000000e-18      5.101485156941013e-13
1.566751070108150e-18      3.780859035107752e-13
2.454708915685033e-18      2.802104603579308e-13
3.845917820453543e-18      2.076721225650398e-13
6.025595860743593e-18      1.539118505268472e-13
9.440608762859270e-18      1.140685492111709e-13
1.479108388168213e-17      8.453951969651410e-14
2.317394649968470e-17      6.265469702158198e-14
3.630780547701002e-17      4.643521838021611e-14
5.688529308438401e-17      3.441449098821157e-14
8.912509381337440e-17      2.550558027486947e-14
1.396368361055936e-16      1.890292741451983e-14
2.187761623949552e-16      1.400950933042177e-14
3.427677865464505e-16      1.038285485497963e-14
5.370317963702532e-16      7.695035735868165e-15
8.413951416451970e-16      5.703014806942929e-15
1.318256738556410e-15      4.226670155228444e-15
2.065380155810527e-15      3.132508191868991e-15
3.235936569296280e-15      2.321592935277430e-15
5.069907082747044e-15      1.720600051779684e-15
7.943282347242819e-15      1.275186744927993e-15
1.244514611771382e-14      9.450779876230480e-16
1.949844599758041e-14      7.004247858144594e-16
3.054921113215509e-14      5.191051818031647e-16
4.786300923226380e-14      3.847239492839400e-16
7.498942093324558e-14      2.851301091591787e-16
1.174897554939530e-13      2.113182173879264e-16
1.840772001468958e-13      1.566140774529050e-16
2.884031503126612e-13      1.160712481848995e-16
4.518559443749234e-13      8.602377815782130e-17
7.079457843841402e-13      6.375472413941672e-17
1.109174815262401e-12      4.725048047338733e-17
1.737800828749376e-12      3.501870543873359e-17
2.722701308077915e-12      2.595338117874754e-17
4.265795188015916e-12      1.923480568942838e-17
6.683439175686136e-12      1.425547397319579e-17
1.047128548050898e-11      1.056514640603588e-17
1.640589773199539e-11      7.830137306613121e-18
2.570395782768864e-11      5.803142510679036e-18
4.027170343254594e-11      4.300877708850386e-18
6.309573444801942e-11      3.187505568310042e-18
9.885530946569410e-11      2.362353090649331e-18
1.548816618912480e-10      1.750808588503660e-18
2.426610095082415e-10      1.297575170160365e-18
3.801893963205613e-10      9.616707007678600e-19
5.956621435290110e-10      7.127221281531225e-19
9.332543007969930e-10      5.282190998992874e-19
1.462177174456721e-09      3.914785390786541e-19
2.290867652767770e-09      2.901361321246771e-19
3.589219346450050e-09      2.150283266162770e-19
5.623413251903489e-09      1.593637473168193e-19
8.810488730080150e-09      1.181091084998313e-19
1.380384264602887e-08      8.753409571182100e-20
2.162718523727025e-08      6.487406440881897e-20
3.388441561392034e-08      4.808005610494057e-20
5.308844442309879e-08      3.563352806888399e-20
8.317637711026710e-08      2.640904411310502e-20
1.303166778452300e-07      1.957251074380552e-20
2.041737944669532e-07      1.450575701171569e-20
3.198895109691404e-07      1.075063844578722e-20
5.011872336272734e-07      7.967610852621630e-21
7.852356346100710e-07      5.905028154275871e-21
1.230268770812381e-06      4.376388122835762e-21
1.927524913190937e-06      3.243468532462332e-21
3.019951720402019e-06      2.403828871159781e-21
4.731512589614812e-06      1.781547495832970e-21
7.413102413009192e-06      1.320356668475073e-21
1.161448613840346e-05      9.785547318071860e-22
1.819700858609982e-05      7.252353746568847e-22
2.851018267503909e-05      5.374930308521023e-22
4.466835921509634e-05      3.983517190557059e-22
6.998419960022743e-05      2.952300457236997e-22
1.096478196143187e-04      2.188035741495800e-22
1.717908387157593e-04      1.621616930731910e-22
2.691534803926914e-04      1.201827474828494e-22
4.216965034285822e-04      8.907092987742250e-23
6.606934480075965e-04      6.601305691035957e-23
1.035142166679345e-03      4.892419657734999e-23
1.621810097358933e-03      3.625914512623569e-23
2.540972705549311e-03      2.687270711143550e-23
3.981071705534985e-03      1.991614487828844e-23
6.237348354824191e-03      1.476043426395932e-23
9.772372209558110e-03      1.093938716514233e-23
1.531087461682038e-02      8.107498018610480e-24
2.398832919019485e-02      6.008702601844352e-24
3.758374042884435e-02      4.453224271474904e-24
5.888436553555884e-02      3.300414037127758e-24
9.225714271547630e-02      2.446032841023361e-24
1.445439770745928e-01      1.812826085472504e-24
2.264644307593062e-01      1.343538141047459e-24
3.548133892335760e-01      9.957351954028030e-25
5.559042572704048e-01      7.379683159503510e-25
8.709635899560830e-01      5.469297840037601e-25
1.364583136588929e+00      4.053455713002789e-25
2.137962089502241e+00      3.004133930501394e-25
3.349654391578293e+00      2.226451036196025e-25
5.248074602497712e+00      1.650087623007885e-25
8.222426499470700e+00      1.222927932992312e-25
1.288249551693132e+01      9.063474620618400e-26
2.018366363681559e+01      6.717204667783983e-26
3.162277660168380e+01      4.978315760520144e-26
4.954501908047906e+01      3.689574612830642e-26
7.762471166286928e+01      2.734451063068382e-26
1.216186000646370e+02      2.026581218960436e-26
1.905460717963252e+02      1.501958287903892e-26
2.985382618917969e+02      1.113144974155232e-26
4.677351412872000e+02      8.249841180451870e-27
7.328245331389074e+02      6.114197259375874e-27
1.148153621496889e+03      4.531409430661530e-27
1.798870915128784e+03      3.358359332748190e-27
2.818382931264449e+03      2.488977785044304e-27
4.415704473533121e+03      1.844653832612542e-27
6.918309709189362e+03      1.367126610216640e-27
1.083926914021204e+04      1.013216309237143e-27
1.698243652461746e+04      7.509292043660727e-28
2.660725059798814e+04      5.564975355420614e-28
4.168693834703364e+04      4.123683031608586e-28
6.531305526474743e+04      3.055292891781991e-28
1.023292992280758e+05      2.263343955219224e-28
1.603245390690048e+05      1.676328332977602e-28
2.511886431509593e+05      1.241235774690685e-28
3.935500754557797e+05      9.187682651482490e-29
6.165950018614812e+05      6.797927785725127e-29
9.660508789898120e+05      5.027121258476100e-29
1.513561248436207e+06      3.715161293461866e-29
2.371373705661656e+06      2.743367131153492e-29
3.715352290971728e+06      2.023761374500806e-29
5.821032177708720e+06      1.491119535541916e-29
9.120108393559110e+06      1.097076297832673e-29
1.428893958511107e+07      8.057608452401690e-30
2.238721138568347e+07      5.905662482784154e-30
3.507518739525694e+07      4.317573797683648e-30
5.495408738576271e+07      3.146981153598777e-30
8.609937521846050e+07      2.285363123736562e-30
1.348962882591662e+08      1.652277936173435e-30
2.113489039836643e+08      1.188117776683688e-30
3.311311214825908e+08      8.487296723588790e-31
5.188000389289609e+08      6.014214485947531e-31
8.128305161641000e+08      4.219911932092426e-31
1.273503081016663e+09      2.924981699237396e-31
1.995262314968883e+09      1.995374804580314e-31
3.126079367123962e+09      1.328169604235885e-31
4.897788193684478e+09      8.245276203813320e-32
7.673614893618219e+09      3.763110451896791e-32
1.202264434617418e+10      6.696354632225447e-33
1.883649089489810e+10      2.441894827687574e-34
2.951209226666402e+10      1.371044957635340e-36
4.623810213992631e+10      9.815699143294270e-40
7.244359600749892e+10      5.041971526229426e-44
1.135010815672314e+11      0.000000000000000e+00
1.778279410038922e+11      0.000000000000000e+00
2.786121168629772e+11      0.000000000000000e+00
4.365158322401665e+11      0.000000000000000e+00
6.839116472814307e+11      0.000000000000000e+00
1.071519305237609e+12      0.000000000000000e+00
1.678804018122566e+12      0.000000000000000e+00
2.630267991895392e+12      0.000000000000000e+00
4.120975190973319e+12      0.000000000000000e+00
6.456542290346587e+12      0.000000000000000e+00
1.011579454259905e+13      0.000000000000000e+00
1.584893192461124e+13      0.000000000000000e+00
2.483133105295568e+13      0.000000000000000e+00
3.890451449942805e+13      0.000000000000000e+00
6.095368972401694e+13      0.000000000000000e+00
9.549925860214370e+13      0.000000000000000e+00
1.496235656094448e+14      0.000000000000000e+00
2.344228815319946e+14      0.000000000000000e+00
3.672823004980827e+14      0.000000000000000e+00
5.754399373371543e+14      0.000000000000000e+00
9.015711376059530e+14      0.000000000000000e+00
1.412537544622750e+15      0.000000000000000e+00
2.213094709605632e+15      0.000000000000000e+00
3.467368504525310e+15      0.000000000000000e+00
5.432503314924325e+15      0.000000000000000e+00
8.511380382023760e+15      0.000000000000000e+00
1.333521432163324e+16      0.000000000000000e+00
2.089296130854041e+16      0.000000000000000e+00
3.273406948788386e+16      0.000000000000000e+00
5.128613839913657e+16      0.000000000000000e+00
8.035261221856190e+16      0.000000000000000e+00
1.258925411794172e+17      0.000000000000000e+00
1.972422736114862e+17      0.000000000000000e+00
3.090295432513605e+17      0.000000000000000e+00
4.841723675841020e+17      0.000000000000000e+00
7.585775750291884e+17      0.000000000000000e+00
1.188502227437026e+18      0.000000000000000e+00
1.862087136662881e+18      0.000000000000000e+00
2.917427014001190e+18      0.000000000000000e+00
4.570881896148790e+18      0.000000000000000e+00
7.161434102129087e+18      0.000000000000000e+00
1.122018454301974e+19      0.000000000000000e+00
1.757923613958711e+19      0.000000000000000e+00
2.754228703338152e+19      0.000000000000000e+00
4.315190768277633e+19      0.000000000000000e+00
6.760829753919791e+19      0.000000000000000e+00
1.059253725177285e+20      0.000000000000000e+00
1.659586907437556e+20      0.000000000000000e+00
2.600159563165267e+20      0.000000000000000e+00
4.073802778041122e+20      0.000000000000000e+00
6.382634861905482e+20      0.000000000000000e+00
10.000000000000000e+20      0.000000000000000e+00
