#Stochastic PBH background following 2205.02153
1.000000000000000e-18      2.029270975931627e-13
1.566751070108150e-18      1.503951745031359e-13
2.454708915685033e-18      1.114622383215459e-13
3.845917820453543e-18      8.260790688726550e-14
6.025595860743593e-18      6.122312258443151e-14
9.440608762859270e-18      4.537423692508720e-14
1.479108388168213e-17      3.362816677138072e-14
2.317394649968470e-17      2.492281252621036e-14
3.630780547701002e-17      1.847102128520583e-14
5.688529308438401e-17      1.368941113526904e-14
8.912509381337440e-17      1.014562077195613e-14
1.396368361055936e-16      7.519214656586078e-15
2.187761623949552e-16      5.572708691034382e-15
3.427677865464505e-16      4.130096502555492e-15
5.370317963702532e-16      3.060934648865510e-15
8.413951416451970e-16      2.268547700720350e-15
1.318256738556410e-15      1.681286685539331e-15
2.065380155810527e-15      1.246050465711717e-15
3.235936569296280e-15      9.234842436180470e-16
5.069907082747044e-15      6.844210340418937e-16
7.943282347242819e-15      5.072443358684075e-16
1.244514611771382e-14      3.759335313689866e-16
1.949844599758041e-14      2.786152747582778e-16
3.054921113215509e-14      2.064898841184736e-16
4.786300923226380e-14      1.530356592266981e-16
7.498942093324558e-14      1.134191783531288e-16
1.174897554939530e-13      8.405825206557260e-17
1.840772001468958e-13      6.229801558181020e-17
2.884031503126612e-13      4.617087139052003e-17
4.518559443749234e-13      3.421857574516983e-17
7.079457843841402e-13      2.536038178972599e-17
1.109174815262401e-12      1.879531659383724e-17
1.737800828749376e-12      1.392975582117171e-17
2.722701308077915e-12      1.032374720950910e-17
4.265795188015916e-12      7.651229340564426e-18
6.683439175686136e-12      5.670548613200445e-18
1.047128548050898e-11      4.202608514711892e-18
1.640589773199539e-11      3.114675410208773e-18
2.570395782768864e-11      2.308376542092514e-18
4.027170343254594e-11      1.710804998369259e-18
6.309573444801942e-11      1.267927345939880e-18
9.885530946569410e-11      9.396978358810930e-19
1.548816618912480e-10      6.964373988677115e-19
2.426610095082415e-10      5.161500133570561e-19
3.801893963205613e-10      3.825337879924711e-19
5.956621435290110e-10      2.835069169215364e-19
9.332543007969930e-10      2.101152224073259e-19
1.462177174456721e-09      1.557225028816444e-19
2.290867652767770e-09      1.154104763371886e-19
3.589219346450050e-09      8.553406092181910e-20
5.623413251903489e-09      6.339178045156387e-20
8.810488730080150e-09      4.698149234949022e-20
1.380384264602887e-08      3.481935051614022e-20
2.162718523727025e-08      2.580563344703949e-20
3.388441561392034e-08      1.912530554796754e-20
5.308844442309879e-08      1.417432023336293e-20
8.317637711026710e-08      1.050500100895236e-20
1.303166778452300e-07      7.785561803404228e-21
2.041737944669532e-07      5.770106308697238e-21
3.198895109691404e-07      4.276393618648028e-21
5.011872336272734e-07      3.169359696900022e-21
7.852356346100710e-07      2.348904657544100e-21
1.230268770812381e-06      1.740841563559012e-21
1.927524913190937e-06      1.290188318066158e-21
3.019951720402019e-06      9.561960898217920e-22
4.731512589614812e-06      7.086647347426995e-22
7.413102413009192e-06      5.252120476266933e-22
1.161448613840346e-05      3.892499251742480e-22
1.819700858609982e-05      2.884844415371279e-22
2.851018267503909e-05      2.138042106796382e-22
4.466835921509634e-05      1.584565193906998e-22
6.998419960022743e-05      1.174367354955300e-22
1.096478196143187e-04      8.703578052123060e-23
1.717908387157593e-04      6.450474852673469e-23
2.691534803926914e-04      4.780634536255278e-23
4.216965034285822e-04      3.543067307636178e-23
6.606934480075965e-04      2.625870237776725e-23
1.035142166679345e-03      1.946108811080378e-23
1.621810097358933e-03      1.442317845748292e-23
2.540972705549311e-03      1.068943707730880e-23
3.981071705534985e-03      7.922252738297260e-24
6.237348354824191e-03      5.871411936432833e-24
9.772372209558110e-03      4.351474166007899e-24
1.531087461682038e-02      3.225004074392746e-24
2.398832919019485e-02      2.390144324214520e-24
3.758374042884435e-02      1.771405480053711e-24
5.888436553555884e-02      1.312840125583433e-24
9.225714271547630e-02      9.729840032388650e-25
1.445439770745928e-01      7.211067456808650e-25
2.264644307593062e-01      5.344331838298376e-25
3.548133892335760e-01      3.960839774266949e-25
5.559042572704048e-01      2.935493564413499e-25
8.709635899560830e-01      2.175579664367485e-25
1.364583136588929e+00      1.612385369666107e-25
2.137962089502241e+00      1.194985696407102e-25
3.349654391578293e+00      8.856386577814680e-26
5.248074602497712e+00      6.563725695757227e-26
8.222426499470700e+00      4.864568030156390e-26
1.288249551693132e+01      3.605272861313507e-26
2.018366363681559e+01      2.671972582960424e-26
3.162277660168380e+01      1.980276600060471e-26
4.954501908047906e+01      1.467640587989201e-26
7.762471166286928e+01      1.087711128560279e-26
1.216186000646370e+02      8.061343552884780e-27
1.905460717963252e+02      5.974496184814524e-27
2.985382618917969e+02      4.427872900862773e-27
4.677351412872000e+02      3.281625398979740e-27
7.328245331389074e+02      2.432108034792639e-27
1.148153621496889e+03      1.802506006548444e-27
1.798870915128784e+03      1.335889630379946e-27
2.818382931264449e+03      9.900666616772780e-28
4.415704473533121e+03      7.337672007275010e-28
6.918309709189362e+03      5.438162153155850e-28
1.083926914021204e+04      4.030380149820761e-28
1.698243652461746e+04      2.987031959435524e-28
2.660725059798814e+04      2.213776267999439e-28
4.168693834703364e+04      1.640693983630378e-28
6.531305526474743e+04      1.215966033619799e-28
1.023292992280758e+05      9.011820981715770e-29
1.603245390690048e+05      6.679023363585430e-29
2.511886431509593e+05      4.949734206499346e-29
3.935500754557797e+05      3.667836319385677e-29
6.165950018614812e+05      2.717598482456459e-29
9.660508789898120e+05      2.013227933699483e-29
1.513561248436207e+06      1.491125334823622e-29
2.371373705661656e+06      1.104143265609290e-29
3.715352290971728e+06      8.173300367661810e-30
5.821032177708720e+06      6.047747434538136e-30
9.120108393559110e+06      4.472688030191190e-30
1.428893958511107e+07      3.305726635101307e-30
2.238721138568347e+07      2.441307526918039e-30
3.507518739525694e+07      1.801183351201340e-30
5.495408738576271e+07      1.327344419590201e-30
8.609937521846050e+07      9.767764944916580e-31
1.348962882591662e+08      7.175781471253826e-31
2.113489039836643e+08      5.260868772033392e-31
3.311311214825908e+08      3.847513584144918e-31
5.188000389289609e+08      2.805547355779185e-31
8.128305161641000e+08      2.038451812458833e-31
1.273503081016663e+09      1.474679741338643e-31
1.995262314968883e+09      1.061211844347686e-31
3.126079367123962e+09      7.587735578837118e-32
4.897788193684478e+09      5.382831280164558e-32
7.673614893618219e+09      3.782118933446389e-32
1.202264434617418e+10      2.626070633123180e-32
1.883649089489810e+10      1.795701077819078e-32
2.951209226666402e+10      1.200339269961024e-32
4.623810213992631e+10      7.571438304310814e-33
7.244359600749892e+10      3.692327095475707e-33
1.135010815672314e+11      7.733973467038546e-34
1.778279410038922e+11      3.532989485419580e-35
2.786121168629772e+11      2.560683351416694e-37
4.365158322401665e+11      2.325146916268711e-40
6.839116472814307e+11      2.141628024226975e-44
1.071519305237609e+12      0.000000000000000e+00
1.678804018122566e+12      0.000000000000000e+00
2.630267991895392e+12      0.000000000000000e+00
4.120975190973319e+12      0.000000000000000e+00
6.456542290346587e+12      0.000000000000000e+00
1.011579454259905e+13      0.000000000000000e+00
1.584893192461124e+13      0.000000000000000e+00
2.483133105295568e+13      0.000000000000000e+00
3.890451449942805e+13      0.000000000000000e+00
6.095368972401694e+13      0.000000000000000e+00
9.549925860214370e+13      0.000000000000000e+00
1.496235656094448e+14      0.000000000000000e+00
2.344228815319946e+14      0.000000000000000e+00
3.672823004980827e+14      0.000000000000000e+00
5.754399373371543e+14      0.000000000000000e+00
9.015711376059530e+14      0.000000000000000e+00
1.412537544622750e+15      0.000000000000000e+00
2.213094709605632e+15      0.000000000000000e+00
3.467368504525310e+15      0.000000000000000e+00
5.432503314924325e+15      0.000000000000000e+00
8.511380382023760e+15      0.000000000000000e+00
1.333521432163324e+16      0.000000000000000e+00
2.089296130854041e+16      0.000000000000000e+00
3.273406948788386e+16      0.000000000000000e+00
5.128613839913657e+16      0.000000000000000e+00
8.035261221856190e+16      0.000000000000000e+00
1.258925411794172e+17      0.000000000000000e+00
1.972422736114862e+17      0.000000000000000e+00
3.090295432513605e+17      0.000000000000000e+00
4.841723675841020e+17      0.000000000000000e+00
7.585775750291884e+17      0.000000000000000e+00
1.188502227437026e+18      0.000000000000000e+00
1.862087136662881e+18      0.000000000000000e+00
2.917427014001190e+18      0.000000000000000e+00
4.570881896148790e+18      0.000000000000000e+00
7.161434102129087e+18      0.000000000000000e+00
1.122018454301974e+19      0.000000000000000e+00
1.757923613958711e+19      0.000000000000000e+00
2.754228703338152e+19      0.000000000000000e+00
4.315190768277633e+19      0.000000000000000e+00
6.760829753919791e+19      0.000000000000000e+00
1.059253725177285e+20      0.000000000000000e+00
1.659586907437556e+20      0.000000000000000e+00
2.600159563165267e+20      0.000000000000000e+00
4.073802778041122e+20      0.000000000000000e+00
6.382634861905482e+20      0.000000000000000e+00
10.000000000000000e+20      0.000000000000000e+00
