1.000000000000000e-03      4.250027486528826e-45
1.267681930513577e-03      5.376813313159925e-45
1.607017476950629e-03      6.801498690536799e-45
2.037187017549831e-03      8.602826632142360e-45
2.582505171224765e-03      1.088034994492105e-44
3.273795141019506e-03      1.375993130169274e-44
4.150130944473575e-03      1.740069353428798e-44
5.261046007574396e-03      2.200380795756742e-44
6.669332959402656e-03      2.782360075736331e-44
8.454592881213390e-03      3.518160461698855e-44
1.071773462536293e-02      4.448430308650162e-44
1.358667852061229e-02      5.624559131246143e-44
1.722358685627714e-02      7.111511822287859e-44
2.183402983633367e-02      8.991417286920690e-44
2.767860509381450e-02      1.136810272072144e-43
3.508766753924968e-02      1.437282357476164e-43
4.448000212337461e-02      1.817150711386576e-43
5.638649496100752e-02      2.297391182912407e-43
7.148014078706407e-02      2.904520256297559e-43
9.061408286632770e-02      3.672058493173750e-43
1.148698354997035e-01      4.642380022950976e-43
1.456184148240412e-01      5.869050685725962e-43
1.845978332224674e-01      7.419783184095017e-43
2.340113375880807e-01      9.380172790337420e-43
2.966519441957225e-01      1.185841957627406e-42
3.760603093086394e-01      1.499129606404379e-42
4.767248588939088e-01      1.895169179975094e-42
6.043354894464428e-01      2.395814823008112e-42
7.661051799393340e-01      3.028691139888909e-42
9.711776934819460e-01      3.828716519757596e-42
1.231144413344916e+00      4.840028572071618e-42
1.560699526650088e+00      6.118417736912255e-42
1.978470588895409e+00      7.734403227434650e-42
2.508071415595266e+00      9.777120390130940e-42
3.179436813987726e+00      1.235923473129128e-41
4.030514598301896e+00      1.562315151244635e-41
5.109410526938502e+00      1.974886501815438e-41
6.477107400575792e+00      2.496387802820618e-41
8.210912013705700e+00      3.155573924751212e-41
1.040882479281156e+01      3.988788799242249e-41
1.319507910772895e+01      5.041967933785243e-41
1.672716335656518e+01      6.373169202303544e-41
2.120472273586653e+01      8.055771353005600e-41
2.688084385380840e+01      1.018251595242688e-40
3.407636003042988e+01      1.287061593921751e-40
4.319798586825099e+01      1.626821117938232e-40
5.476130611976268e+01      2.056252704815956e-40
6.941991825934564e+01      2.599018431826290e-40
8.800237599510210e+01      3.285022852349402e-40
1.115590218912525e+02      4.152059487615769e-40
1.414213562373095e+02      5.247891505459604e-40
1.792772978907606e+02      6.632881093923290e-40
2.272665910874172e+02      8.383311995065730e-40
2.881017509309364e+02      1.059558827960472e-39
3.652213838044716e+02      1.339153982618610e-39
4.629845488860920e+02      1.692512679218236e-39
5.869171467298793e+02      2.139091118548832e-39
7.440242616180528e+02      2.703476197679247e-39
9.431861123169130e+02      3.416738159564079e-39
1.195659991695498e+03      4.318139795827896e-39
1.515716566510398e+03      5.457296118856545e-39
1.921446503145309e+03      6.896903239840215e-39
2.435783012485810e+03      8.716186343996340e-39
3.087798111580184e+03      1.101525635446048e-38
3.914345871124148e+03      1.392061460361313e-38
4.962145530604514e+03      1.759210772814225e-38
6.290422225726041e+03      2.223171547578316e-38
7.974254590853906e+03      2.809465331449515e-38
1.010881845414042e+04      3.550340009537932e-38
1.281476649315601e+04      4.486542144465633e-38
1.624504792712470e+04      5.669556097976961e-38
2.059355371754304e+04      7.164433090453357e-38
2.610607593278998e+04      9.053365174947910e-38
3.309420073661326e+04      1.144020077203892e-37
4.195292027859369e+04      1.445614906539696e-37
5.318295896944989e+04      1.826698692774326e-37
6.741907609681651e+04      2.308216347651290e-37
8.546594453985420e+04      2.916630174375621e-37
1.083436335674486e+05      3.685372905984260e-37
1.373452665596389e+05      4.656683249042840e-37
1.741101126592250e+05      5.883924670459127e-37
2.207162437377820e+05      7.434514652433386e-37
2.797979939572170e+05      9.393624840272670e-37
3.546948611335113e+05      1.186885534624861e-36
4.496402663049751e+05      1.499613907195212e-36
5.700008408261279e+05      1.894719996630483e-36
7.225797662928286e+05      2.393897416676473e-36
9.160013130841430e+05      3.024550996607419e-36
1.161198312923479e+06      3.821299914462504e-36
1.472030119035939e+06      4.827876352681345e-36
1.866065983073612e+06      6.099523502225431e-36
2.365578127888475e+06      7.706024674973566e-36
2.998800647942357e+06      9.735528954145610e-36
3.801525394608921e+06      1.229938352025120e-35
4.819125051134228e+06      1.553823636276316e-35
6.109117748208185e+06      1.962974466150935e-35
7.744418180783315e+06      2.479830781187383e-35
9.817458990119850e+06      3.131605978606756e-35
1.999999999999992e+10      1.468616980758478e-33
2.102765816189030e+10      1.547151364484451e-33
2.210812038866566e+10      1.627146858327996e-33
2.324409990673912e+10      1.708348847159524e-33
2.443844935598692e+10      1.790469409267605e-33
2.569416795321815e+10      1.873176163218689e-33
2.701440902372349e+10      1.956102513132910e-33
2.840248791981721e+10      2.038838401925176e-33
2.986189034625698e+10      2.120930652582594e-33
3.139628111344730e+10      2.201882413607386e-33
3.300951334040925e+10      2.281152773444810e-33
3.470563813062428e+10      2.358153690905651e-33
3.648891474505178e+10      2.432334675309204e-33
3.836382129786567e+10      2.502817655748205e-33
4.033506600176845e+10      2.569115423702672e-33
4.240759899112367e+10      2.630409538770612e-33
4.458662475259379e+10      2.685951913685739e-33
4.687761519450111e+10      2.734964627341246e-33
4.928632338773059e+10      2.776664311405532e-33
5.181879801267908e+10      2.810274777072644e-33
5.448139854853300e+10      2.835034477404039e-33
5.728081124301314e+10      2.850219665008278e-33
6.022406590269236e+10      2.855153553559770e-33
6.331855354604890e+10      2.849231345580251e-33
6.657204496358341e+10      2.790826316990528e-33
6.999271023161139e+10      2.694527404925544e-33
7.358913922872858e+10      2.589978197131644e-33
7.737036320647309e+10      2.477799876623890e-33
8.134587746835120e+10      2.358734569662285e-33
8.552566521417540e+10      2.233667990237892e-33
8.992022260959800e+10      2.103567884247926e-33
9.454058514378570e+10      1.969528478578665e-33
9.939835534143080e+10      1.832720172149428e-33
1.045057318986863e+11      1.694387158297356e-33
1.098755403161870e+11      1.555817857847665e-33
1.155212651060892e+11      1.418319624622578e-33
1.214570836539979e+11      1.283184267651736e-33
1.276979018208196e+11      1.151677699407012e-33
1.342593913739422e+11      1.024965758539367e-33
1.411580293417355e+11      9.041444257481690e-34
1.484111393902053e+11      7.901484309758955e-34
1.560369353256951e+11      6.837656469568296e-34
1.640545668328856e+11      5.856332727244145e-34
1.724841675629466e+11      4.961362036612138e-34
1.813469056925930e+11      4.155607731619638e-34
1.906650370810210e+11      3.438945196074990e-34
2.004619611581931e+11      2.810104278133112e-34
2.107622796848324e+11      2.266043738925352e-34
2.215918585316694e+11      1.801638346574909e-34
2.329778926330958e+11      1.411898925638103e-34
2.449489742783169e+11      1.089249499369525e-34
2.575351649115063e+11      8.269000757518530e-35
2.707680706212621e+11      6.171436901734495e-35
2.846809215089245e+11      4.522247401509499e-35
2.993086551350806e+11      3.254230627595141e-35
3.146880042537804e+11      2.293777030070383e-35
3.308575890548000e+11      1.584806303049616e-35
3.478580141455784e+11      1.070910575596141e-35
3.657319705163624e+11      7.067095907430212e-36
3.845243427446319e+11      4.559981655825874e-36
4.042823217079847e+11      2.859442278193848e-36
4.250555230885447e+11      1.753103877188255e-36
4.468961119664729e+11      1.042391730302718e-36
4.698589338154440e+11      6.016409288856237e-37
4.940016522290716e+11      3.377984484499447e-37
5.193848937240984e+11      1.819759707691116e-37
5.460723999840052e+11      9.600300420687760e-38
5.741311879253391e+11      4.833480032711433e-38
6.036317179887037e+11      2.355626447384883e-38
6.346480710770538e+11      1.108538432551916e-38
6.672581345855696e+11      4.902767978950981e-39
7.015437979903001e+11      2.148071318452174e-39
7.375911584867184e+11      8.640916460479810e-40
7.754907371945711e+11      3.436469907536546e-40
8.153377064719910e+11      1.293428529578782e-40
8.572321289096370e+11      4.421456757349865e-41
9.012792086050690e+11      1.558394352834033e-41
9.475895553483280e+11      4.452360868970272e-42
9.962794623821170e+11      1.455177135454181e-42
1.047471198434154e+12      4.108036949278023e-43
1.101293314754952e+12      1.010377112997104e-43
1.157880967932114e+12      2.818694698935108e-44
1.217376259291767e+12      4.993106417560438e-45
1.279928591739405e+12      1.353555815484711e-45
1.345695044936298e+12      2.540724843293462e-46
1.414840769753509e+12      4.298153075796749e-47
1.487539402994132e+12      9.247479107943650e-48
1.563973503425161e+12      8.423544923017530e-49
1.644335010213919e+12      1.936055736209821e-49
1.728825724920340e+12      1.767214415956017e-50
1.817657818255362e+12      2.295398099710336e-51
1.911054362878061e+12      3.340997501398251e-52
2.009249893569462e+12      1.427898218317060e-53
2.112490996189663e+12      2.382355910630532e-54
2.221036926897376e+12      3.632738967209274e-56
2.335160263186676e+12      8.028768897036870e-57
2.455147588375970e+12      6.367600704032134e-58
2.581300211267982e+12      1.215614156086618e-59
2.713934922787927e+12      1.132731826045014e-60
2.853384791500044e+12      6.648290564825979e-63
2.999999999999989e+12      7.576088527981468e-64
