1.000000000000000e+02      2.180298103352962e-38
1.258925411794168e+02      2.446334720503264e-38
1.584893192461114e+02      2.744832703208395e-38
1.995262314968879e+02      3.079752947100759e-38
2.511886431509580e+02      3.455539633880182e-38
3.162277660168380e+02      3.877179216837719e-38
3.981071705534973e+02      4.350266624945879e-38
5.011872336272725e+02      4.881079444897685e-38
6.309573444801930e+02      5.476661185628413e-38
7.943282347242813e+02      6.144914906883884e-38
10.000000000000000e+02      6.894707912170775e-38
1.258925411794168e+03      7.735989493650369e-38
1.584893192461114e+03      8.679922930736260e-38
1.995262314968879e+03      9.739033666026900e-38
2.511886431509582e+03      1.092737542173822e-37
3.162277660168380e+03      1.226071677297619e-37
3.981071705534973e+03      1.375675033826042e-37
5.011872336272726e+03      1.543532753956771e-37
6.309573444801931e+03      1.731872204843986e-37
7.943282347242822e+03      1.943192532611388e-37
1.000000000000000e+04      2.180297822921350e-37
1.258925411794166e+04      2.446334309399170e-37
1.584893192461114e+04      2.744832122806562e-37
1.995262314968883e+04      3.079752128934806e-37
2.511886431509582e+04      3.455538487967090e-37
3.162277660168380e+04      3.877177620498161e-37
3.981071705534969e+04      4.350264371336670e-37
5.011872336272726e+04      4.881076242155006e-37
6.309573444801943e+04      5.476656683598502e-37
7.943282347242821e+04      6.144908543232617e-37
1.000000000000000e+05      6.894698915712196e-37
1.258925411794166e+05      7.735976779302487e-37
1.584893192461114e+05      8.679904977958460e-37
1.995262314968883e+05      9.739008297329380e-37
2.511886431509582e+05      1.092733959282967e-36
3.162277660168380e+05      1.226066616549546e-36
3.981071705534970e+05      1.375667884825469e-36
5.011872336272726e+05      1.543522655934539e-36
6.309573444801943e+05      1.731857941330275e-36
7.943282347242822e+05      1.943172384692274e-36
10.000000000000000e+05      2.180269363039665e-36
1.258925411794169e+06      2.446294109099456e-36
1.584893192461114e+06      2.744775338155163e-36
1.995262314968879e+06      3.079671918778898e-36
2.511886431509582e+06      3.455425188228714e-36
3.162277660168380e+06      3.877017580663594e-36
3.981071705534977e+06      4.350038309271583e-36
5.011872336272725e+06      4.880756921944188e-36
6.309573444801942e+06      5.476205632977290e-36
7.943282347242822e+06      6.144271419612104e-36
1.000000000000000e+07      6.893798958893741e-36
1.258925411794169e+07      7.734705563765742e-36
1.584893192461114e+07      8.678109351210950e-36
1.995262314968883e+07      9.736471930264720e-36
2.511886431509582e+07      1.092375692022218e-35
3.162277660168379e+07      1.225560557906927e-35
3.981071705534977e+07      1.374953070993503e-35
5.011872336272725e+07      1.542512977691284e-35
6.309573444801943e+07      1.730431774048863e-35
7.943282347242821e+07      1.941157943051652e-35
1.000000000000000e+08      2.177424018815412e-35
1.258925411794171e+08      2.442275185266210e-35
1.584893192461111e+08      2.739098869714554e-35
1.995262314968883e+08      3.071654427992213e-35
2.511886431509582e+08      3.444101488337558e-35
3.162277660168380e+08      3.861024756927953e-35
3.981071705534985e+08      4.327451992204369e-35
5.011872336272715e+08      4.848860293214566e-35
6.309573444801943e+08      5.431163632374521e-35
7.943282347242822e+08      6.080671438284901e-35
10.000000000000000e+08      6.804003649237877e-35
1.258925411794172e+09      7.607941542115155e-35
1.584893192461111e+09      8.499185175433640e-35
1.995262314968883e+09      9.483976682318490e-35
2.511886431509582e+09      1.056753296590210e-34
3.162277660168380e+09      1.175321058079038e-34
3.981071705534985e+09      1.304129895065072e-34
5.011872336272715e+09      1.442730573692174e-34
6.309573444801943e+09      1.589956286904553e-34
7.943282347242822e+09      1.743595227156241e-34
1.000000000000000e+10      1.899954875043215e-34
1.258925411794166e+10      2.053305330791898e-34
1.584893192461117e+10      2.195214593612387e-34
1.995262314968883e+10      2.313851884468405e-34
2.511886431509582e+10      2.393469124811972e-34
3.162277660168380e+10      2.414519147507437e-34
3.981071705534970e+10      2.355250028441855e-34
5.011872336272735e+10      2.195994037424126e-34
6.309573444801942e+10      1.927193495572681e-34
7.943282347242823e+10      1.560307158028977e-34
1.000000000000000e+11      1.136230445716158e-34
1.258925411794166e+11      7.212815224475754e-35
1.584893192461117e+11      3.842040112202421e-35
1.995262314968883e+11      1.638882440055971e-35
2.511886431509582e+11      5.283070058834290e-36
3.162277660168380e+11      1.196837701296832e-36
3.981071705534985e+11      1.739096684964484e-37
5.011872336272734e+11      1.444823721160083e-38
6.309573444801943e+11      5.938028200779882e-40
7.943282347242820e+11      1.006147827845160e-41
10.000000000000000e+11      5.587749720809849e-44
1.258925411794171e+12      7.619610090964497e-47
1.584893192461117e+12      1.773519388673895e-50
1.995262314968883e+12      4.458055849238823e-55
2.511886431509582e+12      6.801203783111971e-61
3.162277660168380e+12      3.048445319221086e-68
3.981071705534985e+12      1.610509128693089e-77
5.011872336272735e+12      3.175956554698402e-89
6.309573444801942e+12      5.497287849187924e-104
7.943282347242821e+12      1.350031367940176e-122
10.000000000000000e+12      4.743461448375779e-146
