#Computed following 1808.08968
1.000000000000000e-18      3.227425894152457e-13
1.566751070108150e-18      2.578435542536784e-13
2.454708915685033e-18      2.059948102623394e-13
3.845917820453543e-18      1.645721258297145e-13
6.025595860743593e-18      1.314789657352016e-13
9.440608762859270e-18      1.050403787618636e-13
1.479108388168213e-17      8.391822303087710e-14
2.317394649968470e-17      6.704343833932287e-14
3.630780547701002e-17      5.356193758660382e-14
5.688529308438401e-17      4.279137868065736e-14
8.912509381337440e-17      3.418662901114635e-14
1.396368361055936e-16      2.731217453561614e-14
2.187761623949552e-16      2.182007701375713e-14
3.427677865464505e-16      1.743236373454712e-14
5.370317963702532e-16      1.392695842374690e-14
8.413951416451970e-16      1.112644124975371e-14
1.318256738556410e-15      8.889069035571520e-15
2.065380155810527e-15      7.101601180962155e-15
3.235936569296280e-15      5.617019676220254e-15
5.069907082747044e-15      4.501741990059675e-15
7.943282347242821e-15      3.605140403454815e-15
1.244514611771382e-14      2.895778704460378e-15
1.949844599758041e-14      2.330649006412930e-15
3.054921113215509e-14      1.881240596182573e-15
4.786300923226380e-14      1.522903650858645e-15
7.498942093324558e-14      1.237043194873139e-15
1.174897554939530e-13      1.008867523177731e-15
1.840772001468958e-13      8.265627464823210e-16
2.884031503126612e-13      6.807194614688522e-16
4.518559443749235e-13      5.638305277949050e-16
7.079457843841402e-13      4.699071417849232e-16
1.109174815262401e-12      3.941797097657334e-16
1.737800828749376e-12      3.328576965857069e-16
2.722701308077915e-12      2.829375355628193e-16
4.265795188015916e-12      2.420474278352236e-16
6.683439175686136e-12      2.083212281336651e-16
1.047128548050898e-11      1.802955975110155e-16
1.640589773199539e-11      1.568261408059344e-16
2.570395782768864e-11      1.370192999933818e-16
4.027170343254594e-11      1.201774340879994e-16
6.309573444801942e-11      1.057549853753146e-16
9.885530946569410e-11      9.332383880287140e-17
1.548816618912480e-10      8.254624999230450e-17
2.426610095082415e-10      7.315388367903180e-17
3.801893963205613e-10      6.493171053932087e-17
5.956621435290110e-10      5.770570322109044e-17
9.332543007969930e-10      5.133346070872885e-17
1.462177174456721e-09      4.569705878589355e-17
2.290867652767770e-09      4.069757044309711e-17
3.589219346450050e-09      3.625082163964332e-17
5.623413251903490e-09      3.228404810212912e-17
8.810488730080150e-09      2.873320187677847e-17
1.380384264602887e-08      2.554073344503122e-17
2.162718523727025e-08      2.265376477827029e-17
3.388441561392034e-08      2.002269534073732e-17
5.308844442309879e-08      1.760048932439081e-17
8.317637711026710e-08      1.534320027622311e-17
1.303166778452300e-07      1.321262376979782e-17
2.041737944669532e-07      1.118194856174213e-17
3.198895109691404e-07      9.244020014758260e-18
5.011872336272735e-07      7.418523764227493e-18
7.852356346100710e-07      5.750660242459206e-18
1.230268770812381e-06      4.295689977435927e-18
1.927524913190937e-06      3.094831904672140e-18
3.019951720402019e-06      2.158049473347077e-18
4.731512589614812e-06      1.463730910214778e-18
7.413102413009192e-06      9.707583202109590e-19
1.161448613840346e-05      6.325194029876055e-19
1.819700858609982e-05      4.064994597633197e-19
2.851018267503909e-05      2.584858050009310e-19
4.466835921509634e-05      1.630437765170614e-19
6.998419960022745e-05      1.022273885951990e-19
1.096478196143187e-04      6.382317117786537e-20
1.717908387157593e-04      3.973397628259831e-20
2.691534803926914e-04      2.469625276676867e-20
4.216965034285822e-04      1.533912621992766e-20
6.606934480075965e-04      9.527970305487660e-21
1.035142166679345e-03      5.922232959161322e-21
1.621810097358933e-03      3.685074694126703e-21
2.540972705549311e-03      2.296242063424711e-21
3.981071705534985e-03      1.433136855975633e-21
6.237348354824191e-03      8.959950408948770e-22
9.772372209558110e-03      5.611639606510438e-22
1.531087461682038e-02      3.520741548387051e-22
2.398832919019485e-02      2.212659410096386e-22
3.758374042884435e-02      1.392816539656050e-22
5.888436553555884e-02      8.780644387981790e-23
9.225714271547630e-02      5.543207960478085e-23
1.445439770745928e-01      3.503844596308337e-23
2.264644307593062e-01      2.217296938835363e-23
3.548133892335760e-01      1.404575989433723e-23
5.559042572704048e-01      8.905502006851270e-24
8.709635899560830e-01      5.650858197812722e-24
1.364583136588929e+00      3.588121565723025e-24
2.137962089502241e+00      2.279679188388812e-24
3.349654391578293e+00      1.449081637778249e-24
5.248074602497712e+00      9.214893265143160e-25
8.222426499470700e+00      5.861829580969192e-25
1.288249551693132e+01      3.729927994754064e-25
2.018366363681559e+01      2.373996292198161e-25
3.162277660168380e+01      1.511363051815592e-25
4.954501908047906e+01      9.624445730126040e-26
7.762471166286928e+01      6.130821676529116e-26
1.216186000646370e+02      3.906688292814938e-26
1.905460717963252e+02      2.490262049397366e-26
2.985382618917969e+02      1.587889468102415e-26
4.677351412872000e+02      1.012762376331983e-26
7.328245331389074e+02      6.460689885593163e-27
1.148153621496889e+03      4.122129476311390e-27
1.798870915128784e+03      2.630339879433600e-27
2.818382931264449e+03      1.678551427950688e-27
4.415704473533121e+03      1.071223902944573e-27
6.918309709189362e+03      6.836626338765881e-28
1.083926914021204e+04      4.363295504192999e-28
1.698243652461746e+04      2.784807912772790e-28
2.660725059798814e+04      1.777384349895145e-28
4.168693834703364e+04      1.134413303367408e-28
6.531305526474743e+04      7.240423700815340e-29
1.023292992280758e+05      4.621240471832737e-29
1.603245390690048e+05      2.949541545923747e-29
2.511886431509593e+05      1.882571345561248e-29
3.935500754557797e+05      1.201570004151511e-29
6.165950018614811e+05      7.669149916282160e-30
9.660508789898120e+05      4.894921849749320e-30
1.513561248436207e+06      3.124241370536838e-30
2.371373705661656e+06      1.994084782709003e-30
3.715352290971728e+06      1.272749157137596e-30
5.821032177708721e+06      8.123480875062700e-31
9.120108393559110e+06      5.184887537875372e-31
1.428893958511107e+07      3.309344172571252e-31
2.238721138568347e+07      2.112224667130153e-31
3.507518739525694e+07      1.348155990131891e-31
5.495408738576271e+07      8.604790685399190e-32
8.609937521846050e+07      5.492117734744587e-32
1.348962882591662e+08      3.505419127831672e-32
2.113489039836643e+08      2.237381311461488e-32
3.311311214825908e+08      1.428038158789033e-32
5.188000389289609e+08      9.114630603359930e-33
8.128305161641000e+08      5.817543456635272e-33
1.273503081016663e+09      3.713141962819694e-33
1.995262314968883e+09      2.369928669047683e-33
3.126079367123962e+09      1.512484724004215e-33
4.897788193684478e+09      9.653009976851690e-34
7.673614893618218e+09      6.162099273952703e-34
1.202264434617418e+10      3.933238325173656e-34
1.883649089489810e+10      2.508521991711444e-34
2.951209226666402e+10      1.539133010483368e-34
4.623810213992631e+10      9.582535113757030e-35
7.244359600749892e+10      5.804732159327392e-35
1.135010815672314e+11      3.537258217563559e-35
1.778279410038922e+11      2.131309808460468e-35
2.786121168629772e+11      1.279777475869821e-35
4.365158322401665e+11      7.648543167754638e-36
6.839116472814307e+11      4.564272721731724e-36
1.071519305237609e+12      2.717063191583186e-36
1.678804018122566e+12      1.614903654827003e-36
2.630267991895392e+12      9.586927936130620e-37
4.120975190973320e+12      5.685898143206583e-37
6.456542290346588e+12      3.369771727267110e-37
1.011579454259905e+13      1.995932750404586e-37
1.584893192461124e+13      1.181203107962573e-37
2.483133105295568e+13      6.985650213124951e-38
3.890451449942805e+13      4.129063749689864e-38
6.095368972401694e+13      2.439231344270114e-38
9.549925860214370e+13      1.440106307716172e-38
1.496235656094448e+14      8.496685483961020e-39
2.344228815319946e+14      5.009345112251482e-39
3.672823004980827e+14      2.950803798986427e-39
5.754399373371543e+14      1.736464646460011e-39
9.015711376059530e+14      1.020658846696785e-39
1.412537544622750e+15      5.990842768774153e-40
2.213094709605632e+15      3.510485305713136e-40
3.467368504525310e+15      2.052892497301936e-40
5.432503314924325e+15      1.197543500876767e-40
8.511380382023760e+15      6.964526772223960e-41
1.333521432163324e+16      4.034936853316405e-41
2.089296130854041e+16      2.326395657637323e-41
3.273406948788386e+16      1.332979331654544e-41
5.128613839913658e+16      7.574604050996540e-42
8.035261221856190e+16      4.254987258799800e-42
1.258925411794172e+17      2.351085210134513e-42
1.972422736114862e+17      1.269676842665461e-42
3.090295432513605e+17      6.860834365800374e-43
4.841723675841020e+17      3.663626520522240e-43
7.585775750291883e+17      1.922394582280693e-43
1.188502227437026e+18      1.003648221637921e-43
1.862087136662881e+18      5.204496795993543e-44
2.917427014001190e+18      2.685046325660944e-44
4.570881896148790e+18      1.380063301124824e-44
7.161434102129086e+18      7.074537736696223e-45
1.122018454301974e+19      3.620011478016993e-45
1.757923613958711e+19      1.850096052192144e-45
2.754228703338152e+19      9.447801655251470e-46
4.315190768277633e+19      4.822147198857738e-46
6.760829753919791e+19      2.460386793246059e-46
1.059253725177285e+20      1.255081104010412e-46
1.659586907437556e+20      6.401467116694848e-47
2.600159563165267e+20      3.264736478727956e-47
4.073802778041122e+20      1.664913636645663e-47
6.382634861905482e+20      8.490233598419900e-48
10.000000000000000e+20      4.329493232836032e-48
