#Computed following 1808.08968
1.000000000000000e-18      3.227425740961055e-11
1.566751070108150e-18      2.578435420150036e-11
2.454708915685033e-18      2.059948004846924e-11
3.845917820453543e-18      1.645721180182156e-11
6.025595860743593e-18      1.314789594944853e-11
9.440608762859270e-18      1.050403737760686e-11
1.479108388168213e-17      8.391821904765640e-12
2.317394649968470e-17      6.704343515707165e-12
3.630780547701002e-17      5.356193504425944e-12
5.688529308438401e-17      4.279137664954277e-12
8.912509381337440e-17      3.418662738846065e-12
1.396368361055936e-16      2.731217323923001e-12
2.187761623949552e-16      2.182007597805622e-12
3.427677865464505e-16      1.743236290711114e-12
5.370317963702532e-16      1.392695776269676e-12
8.413951416451970e-16      1.112644072163156e-12
1.318256738556410e-15      8.889068613647360e-13
2.065380155810527e-15      7.101600843881040e-13
3.235936569296280e-15      5.617018477268553e-13
5.069907082747044e-15      4.501740511333487e-13
7.943282347242821e-15      3.605138408847053e-13
1.244514611771382e-14      2.895776140454442e-13
1.949844599758041e-14      2.330645717027722e-13
3.054921113215509e-14      1.881236404273140e-13
4.786300923226380e-14      1.522898295511400e-13
7.498942093324558e-14      1.237036327663479e-13
1.174897554939530e-13      1.008858675861118e-13
1.840772001468958e-13      8.265512848862750e-14
2.884031503126612e-13      6.807045219104014e-14
4.518559443749235e-13      5.638109272816703e-14
7.079457843841402e-13      4.698812519468512e-14
1.109174815262401e-12      3.941452805977740e-14
1.737800828749376e-12      3.328116088547728e-14
2.722701308077915e-12      2.828754573094267e-14
4.265795188015916e-12      2.419633318175854e-14
6.683439175686136e-12      2.082067215061729e-14
1.047128548050898e-11      1.801389873626232e-14
1.640589773199539e-11      1.566111378772242e-14
2.570395782768864e-11      1.367232276116846e-14
4.027170343254594e-11      1.197687717136818e-14
6.309573444801942e-11      1.051900401539863e-14
9.885530946569410e-11      9.254232345704780e-15
1.548816618912480e-10      8.146559706831190e-15
2.426610095082415e-10      7.166234630096787e-15
3.801893963205613e-10      6.288087046516110e-15
5.956621435290110e-10      5.490423503141455e-15
9.332543007969930e-10      4.754621433562518e-15
1.462177174456721e-09      4.065663624534121e-15
2.290867652767770e-09      3.413790204547777e-15
3.589219346450050e-09      2.796902832364846e-15
5.623413251903490e-09      2.222179676908031e-15
8.810488730080150e-09      1.704417924864428e-15
1.380384264602887e-08      1.259976545251997e-15
2.162718523727025e-08      8.991331225449150e-16
3.388441561392034e-08      6.218514450010152e-16
5.308844442309879e-08      4.189522605645005e-16
8.317637711026710e-08      2.763706924273297e-16
1.303166778452300e-07      1.793251561562773e-16
2.041737944669532e-07      1.148747614641697e-16
3.198895109691404e-07      7.286650038373065e-17
5.011872336272735e-07      4.587640138126830e-17
7.852356346100710e-07      2.872529363492315e-17
1.230268770812381e-06      1.791694839914799e-17
1.927524913190937e-06      1.114747844173129e-17
3.019951720402019e-06      6.926051387494466e-18
4.731512589614812e-06      4.301133996582188e-18
7.413102413009192e-06      2.671647560515956e-18
1.161448613840346e-05      1.660785334929244e-18
1.819700858609982e-05      1.033624142784016e-18
2.851018267503909e-05      6.442430137950399e-19
4.466835921509634e-05      4.022100818302124e-19
6.998419960022745e-05      2.515439032298291e-19
1.096478196143187e-04      1.575956335410896e-19
1.717908387157593e-04      9.890843720978530e-20
2.691534803926914e-04      6.218039504806403e-20
4.216965034285822e-04      3.915300111556848e-20
6.606934480075965e-04      2.468996900551222e-20
1.035142166679345e-03      1.559079734105021e-20
1.621810097358933e-03      9.857217820944480e-21
2.540972705549311e-03      6.239148280938150e-21
3.981071705534985e-03      3.953010961751712e-21
6.237348354824191e-03      2.506759808273290e-21
9.772372209558110e-03      1.590853452046603e-21
1.531087461682038e-02      1.010265825996219e-21
2.398832919019485e-02      6.419267785594149e-22
3.758374042884435e-02      4.080754010998496e-22
5.888436553555884e-02      2.595173268307999e-22
9.225714271547630e-02      1.650943996973555e-22
1.445439770745928e-01      1.050558151157762e-22
2.264644307593062e-01      6.686816251739996e-23
3.548133892335760e-01      4.257257207317863e-23
5.559042572704048e-01      2.711213636037761e-23
8.709635899560830e-01      1.727186100419510e-23
1.364583136588929e+00      1.100683495914314e-23
2.137962089502241e+00      7.016709509103723e-24
3.349654391578293e+00      4.474431448432117e-24
5.248074602497712e+00      2.853956194678029e-24
8.222426499470700e+00      1.820689616057100e-24
1.288249551693132e+01      1.161695027516537e-24
2.018366363681559e+01      7.412949056931588e-25
3.162277660168380e+01      4.730639864248222e-25
4.954501908047906e+01      3.019046332116535e-25
7.762471166286928e+01      1.926790023432662e-25
1.216186000646370e+02      1.229728668751417e-25
1.905460717963252e+02      7.848585879421480e-26
2.985382618917969e+02      5.009317722457827e-26
4.677351412872000e+02      3.197196172664334e-26
7.328245331389074e+02      2.040621622529871e-26
1.148153621496889e+03      1.302439169132350e-26
1.798870915128784e+03      8.312921310657770e-27
2.818382931264449e+03      5.305798987651984e-27
4.415704473533121e+03      3.386480425471916e-27
6.918309709189362e+03      2.161458124849230e-27
1.083926914021204e+04      1.379575393505836e-27
1.698243652461746e+04      8.805303266591320e-28
2.660725059798814e+04      5.620091707719507e-28
4.168693834703364e+04      3.587093031173785e-28
6.531305526474743e+04      2.289507191794201e-28
1.023292992280758e+05      1.461307070832026e-28
1.603245390690048e+05      9.326980580498950e-29
2.511886431509593e+05      5.953066612435899e-29
3.935500754557797e+05      3.799622965913335e-29
6.165950018614811e+05      2.425161165492097e-29
9.660508789898120e+05      1.547890736122065e-29
1.513561248436207e+06      9.879619533344600e-30
2.371373705661656e+06      6.305800259785396e-30
3.715352290971728e+06      4.024759311186288e-30
5.821032177708721e+06      2.568852040990294e-30
9.120108393559110e+06      1.639611229030513e-30
1.428893958511107e+07      1.046520663689190e-30
2.238721138568347e+07      6.679421931955713e-31
3.507518739525694e+07      4.262872670439348e-31
5.495408738576271e+07      2.720940838170306e-31
8.609937521846050e+07      1.737186312695629e-31
1.348962882591662e+08      1.108907879290326e-31
2.113489039836643e+08      7.073399604172847e-32
3.311311214825908e+08      4.510814370832656e-32
5.188000389289609e+08      2.879963275501653e-32
8.128305161641000e+08      1.841745637957408e-32
1.273503081016663e+09      1.177629402851969e-32
1.995262314968883e+09      7.388343512673442e-33
3.126079367123962e+09      4.631823911580284e-33
4.897788193684478e+09      2.851459914193307e-33
7.673614893618218e+09      1.746625072428762e-33
1.202264434617418e+10      1.059322101102148e-33
1.883649089489810e+10      6.388876681933606e-34
2.951209226666402e+10      3.834049151295375e-34
4.623810213992631e+10      2.293760653679013e-34
7.244359600749892e+10      1.368356749885399e-34
1.135010815672314e+11      8.146034855545210e-35
1.778279410038922e+11      4.841800412206915e-35
2.786121168629772e+11      2.874336047951615e-35
4.365158322401665e+11      1.704751880207219e-35
6.839116472814307e+11      1.010334969046998e-35
1.071519305237609e+12      5.984297422199158e-36
1.678804018122566e+12      3.542823751430603e-36
2.630267991895392e+12      2.096549257011179e-36
4.120975190973320e+12      1.240222266071147e-36
6.456542290346588e+12      7.334055324981659e-37
1.011579454259905e+13      4.335544656402573e-37
1.584893192461124e+13      2.562106115695935e-37
2.483133105295568e+13      1.512642092096012e-37
3.890451449942805e+13      8.921422903754960e-38
6.095368972401694e+13      5.257737689805428e-38
9.549925860214370e+13      3.095814342198683e-38
1.496235656094448e+14      1.820928845543804e-38
2.344228815319946e+14      1.069712888766676e-38
3.672823004980827e+14      6.274678411530863e-39
5.754399373371543e+14      3.673967696326572e-39
9.015711376059530e+14      2.146502103740093e-39
1.412537544622750e+15      1.250693592619974e-39
2.213094709605632e+15      7.262808260734234e-40
3.467368504525310e+15      4.200172650294851e-40
5.432503314924325e+15      2.416629053169175e-40
8.511380382023760e+15      1.380899782505322e-40
1.333521432163324e+16      7.812427373938553e-41
2.089296130854041e+16      4.357171364569843e-41
3.273406948788386e+16      2.391361988000748e-41
5.128613839913658e+16      1.301187900344255e-41
8.035261221856190e+16      6.945271246745823e-42
1.258925411794172e+17      3.669835317990551e-42
1.972422736114862e+17      1.920584116525691e-42
3.090295432513605e+17      9.976068384078860e-43
4.841723675841020e+17      5.152517745964275e-43
7.585775750291883e+17      2.650231647883109e-43
1.188502227437026e+18      1.359209923702730e-43
1.862087136662881e+18      6.957102438228802e-44
2.917427014001190e+18      3.556276557959025e-44
4.570881896148790e+18      1.816288153867063e-44
7.161434102129086e+18      9.271031197625610e-45
1.122018454301974e+19      4.730558097482330e-45
1.757923613958711e+19      2.413206239513336e-45
2.754228703338152e+19      1.230866289205503e-45
4.315190768277633e+19      6.277479341568046e-46
6.760829753919791e+19      3.201347568833835e-46
1.059253725177285e+20      1.632537568736078e-46
1.659586907437556e+20      8.324967873296260e-47
2.600159563165267e+20      4.245167055608754e-47
4.073802778041122e+20      2.164723462937653e-47
6.382634861905482e+20      1.103843138350941e-47
10.000000000000000e+20      5.628727932544574e-48
