#Computed following 1808.08968
1.000000000000000e-18      3.227425895699693e-17
1.566751070108150e-18      2.578435543772895e-17
2.454708915685033e-18      2.059948103610942e-17
3.845917820453543e-18      1.645721259086107e-17
6.025595860743593e-18      1.314789657982323e-17
9.440608762859270e-18      1.050403788122196e-17
1.479108388168213e-17      8.391822307110760e-18
2.317394649968470e-17      6.704343837146342e-18
3.630780547701002e-17      5.356193761228178e-18
5.688529308438401e-17      4.279137870117149e-18
8.912509381337440e-17      3.418662902753552e-18
1.396368361055936e-16      2.731217454870973e-18
2.187761623949552e-16      2.182007702421775e-18
3.427677865464505e-16      1.743236374290421e-18
5.370317963702532e-16      1.392695843042352e-18
8.413951416451970e-16      1.112644125508777e-18
1.318256738556410e-15      8.889069039832990e-19
2.065380155810527e-15      7.101601184366654e-19
3.235936569296280e-15      5.617019688329649e-19
5.069907082747044e-15      4.501742004994816e-19
7.943282347242821e-15      3.605140423600367e-19
1.244514611771382e-14      2.895778730356870e-19
1.949844599758041e-14      2.330649039635785e-19
3.054921113215509e-14      1.881240638520980e-19
4.786300923226380e-14      1.522903704947897e-19
7.498942093324558e-14      1.237043264232456e-19
1.174897554939530e-13      1.008867612536643e-19
1.840772001468958e-13      8.265628622465060e-20
2.884031503126612e-13      6.807196123626383e-20
4.518559443749235e-13      5.638307257688563e-20
7.079457843841402e-13      4.699074032905317e-20
1.109174815262401e-12      3.941800575405358e-20
1.737800828749376e-12      3.328581621523479e-20
2.722701308077915e-12      2.829381627254245e-20
4.265795188015916e-12      2.420482775703399e-20
6.683439175686136e-12      2.083223854324638e-20
1.047128548050898e-11      1.802971809527293e-20
1.640589773199539e-11      1.568283159549864e-20
2.570395782768864e-11      1.370222981496091e-20
4.027170343254594e-11      1.201815785305028e-20
6.309573444801942e-11      1.057607280406794e-20
9.885530946569410e-11      9.333181189993910e-21
1.548816618912480e-10      8.255733760508070e-21
2.426610095082415e-10      7.316932252638798e-21
3.801893963205613e-10      6.495323061889812e-21
5.956621435290110e-10      5.773572397286273e-21
9.332543007969930e-10      5.137536462657489e-21
1.462177174456721e-09      4.575557186545643e-21
2.290867652767770e-09      4.077928870350759e-21
3.589219346450050e-09      3.636493553816138e-21
5.623413251903490e-09      3.244332834550518e-21
8.810488730080150e-09      2.895531849724465e-21
1.380384264602887e-08      2.584997151096627e-21
2.162718523727025e-08      2.308314961378236e-21
3.388441561392034e-08      2.061639730858982e-21
5.308844442309879e-08      1.841605549192390e-21
8.317637711026710e-08      1.645254929780482e-21
1.303166778452300e-07      1.469980858751892e-21
2.041737944669532e-07      1.313479116699908e-21
3.198895109691404e-07      1.173708588079226e-21
5.011872336272735e-07      1.048857872657419e-21
7.852356346100710e-07      9.373169246138390e-22
1.230268770812381e-06      8.376527190273620e-22
1.927524913190937e-06      7.485881975657155e-22
3.019951720402019e-06      6.689838860968944e-22
4.731512589614812e-06      5.978216908718167e-22
7.413102413009192e-06      5.341904659040147e-22
1.161448613840346e-05      4.772729952541172e-22
1.819700858609982e-05      4.263340660019253e-22
2.851018267503909e-05      3.807093265233520e-22
4.466835921509634e-05      3.397946436661579e-22
6.998419960022745e-05      3.030357171275035e-22
1.096478196143187e-04      2.699178084879341e-22
1.717908387157593e-04      2.399557379903277e-22
2.691534803926914e-04      2.126849364367790e-22
4.216965034285822e-04      1.876556619663925e-22
6.606934480075965e-04      1.644348318066229e-22
1.035142166679345e-03      1.426232011639346e-22
1.621810097358933e-03      1.218978818584940e-22
2.540972705549311e-03      1.020851952163903e-22
3.981071705534985e-03      8.324638823465940e-23
6.237348354824191e-03      6.571860233071868e-23
9.772372209558110e-03      5.003429081035112e-23
1.531087461682038e-02      3.670876787429342e-23
2.398832919019485e-02      2.601336489172246e-23
3.758374042884435e-02      1.788368880190380e-23
5.888436553555884e-02      1.199000453531964e-23
9.225714271547630e-02      7.879237801524218e-24
1.445439770745928e-01      5.097419532179510e-24
2.264644307593062e-01      3.258025750917158e-24
3.548133892335760e-01      2.063113220701233e-24
5.559042572704048e-01      1.297334853913432e-24
8.709635899560830e-01      8.116445397415190e-25
1.364583136588929e+00      5.059994047219310e-25
2.137962089502241e+00      3.147539320290604e-25
3.349654391578293e+00      1.955653923867811e-25
5.248074602497712e+00      1.214741657706010e-25
8.222426499470700e+00      7.548114264891940e-26
1.288249551693132e+01      4.694372419758194e-26
2.018366363681559e+01      2.923230020694390e-26
3.162277660168380e+01      1.823078969071419e-26
4.954501908047906e+01      1.138866839050409e-26
7.762471166286928e+01      7.126864518392846e-27
1.216186000646370e+02      4.467736987873241e-27
1.905460717963252e+02      2.805592947928587e-27
2.985382618917969e+02      1.764730885125902e-27
4.677351412872000e+02      1.111750715224977e-27
7.328245331389074e+02      7.013950234110794e-28
1.148153621496889e+03      4.430903308576947e-28
1.798870915128784e+03      2.802478361699518e-28
2.818382931264449e+03      1.774434205440199e-28
4.415704473533121e+03      1.124586065772026e-28
6.918309709189362e+03      7.133326381142611e-29
1.083926914021204e+04      4.528030890245333e-29
1.698243652461746e+04      2.876083387682924e-29
2.660725059798814e+04      1.827784616676445e-29
4.168693834703364e+04      1.162098559667681e-29
6.531305526474743e+04      7.391316064575012e-30
1.023292992280758e+05      4.702549342563641e-30
1.603245390690048e+05      2.992691194114566e-30
2.511886431509593e+05      1.905019689997876e-30
3.935500754557797e+05      1.212966280189160e-30
6.165950018614811e+05      7.725457803722882e-31
9.660508789898120e+05      4.922014810855870e-31
1.513561248436207e+06      3.136948028450971e-31
2.371373705661656e+06      1.999939903857596e-31
3.715352290971728e+06      1.275417391337732e-31
5.821032177708721e+06      8.135515059444370e-32
9.120108393559110e+06      5.190313031716664e-32
1.428893958511107e+07      3.311788185086940e-32
2.238721138568347e+07      2.113344887478243e-32
3.507518739525694e+07      1.348669299494437e-32
5.495408738576271e+07      8.607156230307130e-33
8.609937521846050e+07      5.493223879863491e-33
1.348962882591662e+08      3.505938483271044e-33
2.113489039836643e+08      2.237627838348053e-33
3.311311214825908e+08      1.428157245810085e-33
5.188000389289609e+08      9.115225927311310e-34
8.128305161641000e+08      5.817831392246537e-34
1.273503081016663e+09      3.713269270694318e-34
1.995262314968883e+09      2.370024917486865e-34
3.126079367123962e+09      1.512696442846428e-34
4.897788193684478e+09      9.654813549755290e-35
7.673614893618218e+09      6.162384128407962e-35
1.202264434617418e+10      3.933202089628629e-35
1.883649089489810e+10      2.510390438794873e-35
2.951209226666402e+10      1.602300560534895e-35
4.623810213992631e+10      1.022688815103459e-35
7.244359600749892e+10      6.527399510877772e-36
1.135010815672314e+11      4.166213879453100e-36
1.778279410038922e+11      2.659137561031831e-36
2.786121168629772e+11      1.697163254407546e-36
4.365158322401665e+11      1.083197051265235e-36
6.839116472814307e+11      6.912994371787448e-37
1.071519305237609e+12      4.402513290409860e-37
1.678804018122566e+12      2.803643264721056e-37
2.630267991895392e+12      1.780305326908109e-37
4.120975190973320e+12      1.127237566152490e-37
6.456542290346588e+12      6.855089092638615e-38
1.011579454259905e+13      4.245644911900927e-38
1.584893192461124e+13      2.557863531111521e-38
2.483133105295568e+13      1.555111542216278e-38
3.890451449942805e+13      9.347162001213490e-39
6.095368972401694e+13      5.602609943398204e-39
9.549925860214370e+13      3.343368175869248e-39
1.496235656094448e+14      1.993231693941610e-39
2.344228815319946e+14      1.185613632754362e-39
3.672823004980827e+14      7.042555973841267e-40
5.754399373371543e+14      4.178912856184697e-40
9.015711376059530e+14      2.477555942484480e-40
1.412537544622750e+15      1.467895422653427e-40
2.213094709605632e+15      8.690747571194660e-41
3.467368504525310e+15      5.141003297971541e-41
5.432503314924325e+15      3.039449638341313e-41
8.511380382023760e+15      1.795963831226542e-41
1.333521432163324e+16      1.060582032709928e-41
2.089296130854041e+16      6.259112323091749e-42
3.273406948788386e+16      3.691223830405547e-42
5.128613839913658e+16      2.175071788997312e-42
8.035261221856190e+16      1.280458816793046e-42
1.258925411794172e+17      7.529662925952569e-43
1.972422736114862e+17      4.421962984876209e-43
3.090295432513605e+17      2.592820327128861e-43
4.841723675841020e+17      1.517426422912003e-43
7.585775750291883e+17      8.860216082503390e-44
1.188502227437026e+18      5.158859932234952e-44
1.862087136662881e+18      2.993211586569469e-44
2.917427014001190e+18      1.729021384431663e-44
4.570881896148790e+18      9.931074630093630e-45
7.161434102129086e+18      5.662003882716909e-45
1.122018454301974e+19      3.198275623701581e-45
1.757923613958711e+19      1.783470368250361e-45
2.754228703338152e+19      9.768958384489310e-46
4.315190768277633e+19      5.228458900874788e-46
6.760829753919791e+19      2.818595368179020e-46
1.059253725177285e+20      1.503079424615149e-46
1.659586907437556e+20      7.866077710687789e-47
2.600159563165267e+20      4.103445989548431e-47
4.073802778041122e+20      2.126872144642282e-47
6.382634861905482e+20      1.096999330837420e-47
10.000000000000000e+20      5.637706254025537e-48
