#Computed following 1808.08968
1.000000000000000e-18      3.227425895698301e-16
1.566751070108150e-18      2.578435543771785e-16
2.454708915685033e-18      2.059948103610044e-16
3.845917820453543e-18      1.645721259085398e-16
6.025595860743593e-18      1.314789657981754e-16
9.440608762859270e-18      1.050403788121746e-16
1.479108388168213e-17      8.391822307107170e-17
2.317394649968470e-17      6.704343837143463e-17
3.630780547701002e-17      5.356193761225843e-17
5.688529308438401e-17      4.279137870115297e-17
8.912509381337440e-17      3.418662902752063e-17
1.396368361055936e-16      2.731217454869789e-17
2.187761623949552e-16      2.182007702420836e-17
3.427677865464505e-16      1.743236374289665e-17
5.370317963702532e-16      1.392695843041749e-17
8.413951416451970e-16      1.112644125508291e-17
1.318256738556410e-15      8.889069039829140e-18
2.065380155810527e-15      7.101601184363612e-18
3.235936569296280e-15      5.617019688318744e-18
5.069907082747044e-15      4.501742004981374e-18
7.943282347242821e-15      3.605140423582232e-18
1.244514611771382e-14      2.895778730333566e-18
1.949844599758041e-14      2.330649039605876e-18
3.054921113215509e-14      1.881240638482877e-18
4.786300923226380e-14      1.522903704899212e-18
7.498942093324558e-14      1.237043264170027e-18
1.174897554939530e-13      1.008867612456207e-18
1.840772001468958e-13      8.265628621423090e-19
2.884031503126612e-13      6.807196122268201e-19
4.518559443749235e-13      5.638307255906618e-19
7.079457843841402e-13      4.699074030551524e-19
1.109174815262401e-12      3.941800572275063e-19
1.737800828749376e-12      3.328581617332957e-19
2.722701308077915e-12      2.829381621609199e-19
4.265795188015916e-12      2.420482768054986e-19
6.683439175686136e-12      2.083223843907844e-19
1.047128548050898e-11      1.802971795274741e-19
1.640589773199539e-11      1.568283139971240e-19
2.570395782768864e-11      1.370222954509278e-19
4.027170343254594e-11      1.201815747999786e-19
6.309573444801942e-11      1.057607228713833e-19
9.885530946569410e-11      9.333180472270920e-20
1.548816618912480e-10      8.255732762365010e-20
2.426610095082415e-10      7.316930862654997e-20
3.801893963205613e-10      6.495321124131349e-20
5.956621435290110e-10      5.773569693495344e-20
9.332543007969930e-10      5.137532687311920e-20
1.462177174456721e-09      4.575551911934343e-20
2.290867652767770e-09      4.077921497667968e-20
3.589219346450050e-09      3.636483244677474e-20
5.623413251903490e-09      3.244318415093526e-20
8.810488730080150e-09      2.895511677765907e-20
1.380384264602887e-08      2.584968922311978e-20
2.162718523727025e-08      2.308275454678166e-20
3.388441561392034e-08      2.061584433961890e-20
5.308844442309879e-08      1.841528143971176e-20
8.317637711026710e-08      1.645146569849480e-20
1.303166778452300e-07      1.469829158518186e-20
2.041737944669532e-07      1.313266737198698e-20
3.198895109691404e-07      1.173411260003758e-20
5.011872336272735e-07      1.048441635828419e-20
7.852356346100710e-07      9.367342761793590e-21
1.230268770812381e-06      8.368372592514410e-21
1.927524913190937e-06      7.474472072753340e-21
3.019951720402019e-06      6.673881043766519e-21
4.731512589614812e-06      5.955913709123419e-21
7.413102413009192e-06      5.310766531796411e-21
1.161448613840346e-05      4.729330395013766e-21
1.819700858609982e-05      4.203009953166157e-21
2.851018267503909e-05      3.723565896894684e-21
4.466835921509634e-05      3.283021392836008e-21
6.998419960022745e-05      2.873718114420200e-21
1.096478196143187e-04      2.488666469954149e-21
1.717908387157593e-04      2.122366829300454e-21
2.691534803926914e-04      1.772161582032217e-21
4.216965034285822e-04      1.439731798550602e-21
6.606934480075965e-04      1.131630245432838e-21
1.035142166679345e-03      8.575306449048990e-22
1.621810097358933e-03      6.262645384153046e-22
2.540972705549311e-03      4.419537928345447e-22
3.981071705534985e-03      3.027587008897244e-22
6.237348354824191e-03      2.023965209902898e-22
9.772372209558110e-03      1.327006154111441e-22
1.531087461682038e-02      8.569627917333910e-23
2.398832919019485e-02      5.469704655484896e-23
3.758374042884435e-02      3.459961940664864e-23
5.888436553555884e-02      2.173979319449380e-23
9.225714271547630e-02      1.359317525974180e-23
1.445439770745928e-01      8.471045145884140e-24
2.264644307593062e-01      5.268124138555364e-24
3.548133892335760e-01      3.272864607507065e-24
5.559042572704048e-01      2.032888416368401e-24
8.709635899560830e-01      1.263265045553773e-24
1.364583136588929e+00      7.857502148860145e-25
2.137962089502241e+00      4.893711859239200e-25
3.349654391578293e+00      3.052536556889293e-25
5.248074602497712e+00      1.907282310699319e-25
8.222426499470700e+00      1.193795459683388e-25
1.288249551693132e+01      7.485280631758293e-26
2.018366363681559e+01      4.701448018586752e-26
3.162277660168380e+01      2.957792731018896e-26
4.954501908047906e+01      1.863689768023477e-26
7.762471166286928e+01      1.175979944052390e-26
1.216186000646370e+02      7.430092314078441e-27
1.905460717963252e+02      4.700051784025946e-27
2.985382618917969e+02      2.976270246555990e-27
4.677351412872000e+02      1.886476324433080e-27
7.328245331389074e+02      1.196715642862763e-27
1.148153621496889e+03      7.597014838372291e-28
1.798870915128784e+03      4.825749437435265e-28
2.818382931264449e+03      3.066994337755094e-28
4.415704473533121e+03      1.950076139194062e-28
6.918309709189362e+03      1.240357303549835e-28
1.083926914021204e+04      7.891734194463347e-29
1.698243652461746e+04      5.022427136649090e-29
2.660725059798814e+04      3.197154261745846e-29
4.168693834703364e+04      2.035760134332480e-29
6.531305526474743e+04      1.296637122006365e-29
1.023292992280758e+05      8.261428428086160e-30
1.603245390690048e+05      5.265475439905850e-30
2.511886431509593e+05      3.357100958061176e-30
3.935500754557797e+05      2.140984946167908e-30
6.165950018614811e+05      1.365704327843101e-30
9.660508789898120e+05      8.713130314812840e-31
1.513561248436207e+06      5.559668936710510e-31
2.371373705661656e+06      3.547813516938697e-31
3.715352290971728e+06      2.264116169288776e-31
5.821032177708721e+06      1.444956936757768e-31
9.120108393559110e+06      9.221974285962600e-32
1.428893958511107e+07      5.885750845975589e-32
2.238721138568347e+07      3.756523593310880e-32
3.507518739525694e+07      2.397589190719186e-32
5.495408738576271e+07      1.530264557072878e-32
8.609937521846050e+07      9.766983453278630e-33
1.348962882591662e+08      6.233844072006615e-33
2.113489039836643e+08      3.978803814250371e-33
3.311311214825908e+08      2.539509930321593e-33
5.188000389289609e+08      1.620868885352082e-33
8.128305161641000e+08      1.034544005006342e-33
1.273503081016663e+09      6.603097216078187e-34
1.995262314968883e+09      4.214455805218593e-34
3.126079367123962e+09      2.689956676334999e-34
4.897788193684478e+09      1.716894806920114e-34
7.673614893618218e+09      1.095824459478498e-34
1.202264434617418e+10      6.994271246358115e-35
1.883649089489810e+10      4.464177767594944e-35
2.951209226666402e+10      2.849309254438393e-35
4.623810213992631e+10      1.818608697132159e-35
7.244359600749892e+10      1.160744073021232e-35
1.135010815672314e+11      7.408534609265237e-36
1.778279410038922e+11      4.728512521275332e-36
2.786121168629772e+11      3.014685592831424e-36
4.365158322401665e+11      1.921999901992628e-36
6.839116472814307e+11      1.223479313711048e-36
1.071519305237609e+12      7.774962364915964e-37
1.678804018122566e+12      4.704030492780909e-37
2.630267991895392e+12      2.918932004238720e-37
4.120975190973320e+12      1.752304946180373e-37
6.456542290346588e+12      1.066116313923520e-37
1.011579454259905e+13      6.403001231616937e-38
1.584893192461124e+13      3.836678914129663e-38
2.483133105295568e+13      2.288122547560041e-38
3.890451449942805e+13      1.363890788702508e-38
6.095368972401694e+13      8.110851094233160e-39
9.549925860214370e+13      4.817031838090072e-39
1.496235656094448e+14      2.857987281151088e-39
2.344228815319946e+14      1.694258718203409e-39
3.672823004980827e+14      1.003740087920572e-39
5.754399373371543e+14      5.942378625917496e-40
9.015711376059530e+14      3.515069303160050e-40
1.412537544622750e+15      2.078107192212238e-40
2.213094709605632e+15      1.227893084394225e-40
3.467368504525310e+15      7.251025019411834e-41
5.432503314924325e+15      4.279190214502663e-41
8.511380382023760e+15      2.523561837212858e-41
1.333521432163324e+16      1.487004844070319e-41
2.089296130854041e+16      8.753878709854190e-42
3.273406948788386e+16      5.147621009683653e-42
5.128613839913658e+16      3.023023376153470e-42
8.035261221856190e+16      1.772533868291696e-42
1.258925411794172e+17      1.037349580033958e-42
1.972422736114862e+17      6.056972190715578e-43
3.090295432513605e+17      3.526615335245541e-43
4.841723675841020e+17      2.046132033565887e-43
7.585775750291883e+17      1.181906211284670e-43
1.188502227437026e+18      6.788259112312898e-44
1.862087136662881e+18      3.869814025993159e-44
2.917427014001190e+18      2.184721813412683e-44
4.570881896148790e+18      1.216687236873039e-44
7.161434102129086e+18      6.643816201286241e-45
1.122018454301974e+19      3.530941328138673e-45
1.757923613958711e+19      1.900990011347652e-45
2.754228703338152e+19      1.013078484228671e-45
4.315190768277633e+19      5.285016424345163e-46
6.760829753919791e+19      2.753320020634957e-46
1.059253725177285e+20      1.425572047488461e-46
1.659586907437556e+20      7.346836582717009e-47
2.600159563165267e+20      3.773417999590472e-47
4.073802778041122e+20      1.933420715550803e-47
6.382634861905482e+20      9.890142455127810e-48
10.000000000000000e+20      5.053572342732133e-48
