#Computed following 1808.08968
1.000000000000000e-18      3.227425895545095e-14
1.566751070108150e-18      2.578435543649399e-14
2.454708915685033e-18      2.059948103512273e-14
3.845917820453543e-18      1.645721259007281e-14
6.025595860743593e-18      1.314789657919348e-14
9.440608762859270e-18      1.050403788071895e-14
1.479108388168213e-17      8.391822306708830e-15
2.317394649968470e-17      6.704343836825221e-15
3.630780547701002e-17      5.356193760971617e-15
5.688529308438401e-17      4.279137869912178e-15
8.912509381337440e-17      3.418662902589792e-15
1.396368361055936e-16      2.731217454740144e-15
2.187761623949552e-16      2.182007702317268e-15
3.427677865464505e-16      1.743236374206929e-15
5.370317963702532e-16      1.392695842975645e-15
8.413951416451970e-16      1.112644125455481e-15
1.318256738556410e-15      8.889069039407200e-16
2.065380155810527e-15      7.101601184026521e-16
3.235936569296280e-15      5.617019687119795e-16
5.069907082747044e-15      4.501742003502648e-16
7.943282347242821e-15      3.605140421587621e-16
1.244514611771382e-14      2.895778727769557e-16
1.949844599758041e-14      2.330649036316471e-16
3.054921113215509e-14      1.881240634290948e-16
4.786300923226380e-14      1.522903699543840e-16
7.498942093324558e-14      1.237043257302767e-16
1.174897554939530e-13      1.008867603608791e-16
1.840772001468958e-13      8.265628506805050e-17
2.884031503126612e-13      6.807195972868354e-17
4.518559443749235e-13      5.638307059892729e-17
7.079457843841402e-13      4.699073771634928e-17
1.109174815262401e-12      3.941800227943245e-17
1.737800828749376e-12      3.328581156375165e-17
2.722701308077915e-12      2.829381000654605e-17
4.265795188015916e-12      2.420481926729849e-17
6.683439175686136e-12      2.083222698060500e-17
1.047128548050898e-11      1.802970227495727e-17
1.640589773199539e-11      1.568280986326067e-17
2.570395782768864e-11      1.370219985967955e-17
4.027170343254594e-11      1.201811644439859e-17
6.309573444801942e-11      1.057601542524753e-17
9.885530946569410e-11      9.333101523538840e-18
1.548816618912480e-10      8.255622968365880e-18
2.426610095082415e-10      7.316777968233944e-18
3.801893963205613e-10      6.495107979005220e-18
5.956621435290110e-10      5.773272294659093e-18
9.332543007969930e-10      5.137117441623077e-18
1.462177174456721e-09      4.574971794034604e-18
2.290867652767770e-09      4.077110695297264e-18
3.589219346450050e-09      3.635349657254890e-18
5.623413251903490e-09      3.242733192080534e-18
8.810488730080150e-09      2.893294610023860e-18
1.380384264602887e-08      2.581868156204905e-18
2.162718523727025e-08      2.303939355625033e-18
3.388441561392034e-08      2.055522883170788e-18
5.308844442309879e-08      1.833059769114451e-18
8.317637711026710e-08      1.633327985291268e-18
1.303166778452300e-07      1.453362588976371e-18
2.041737944669532e-07      1.290384826676760e-18
3.198895109691404e-07      1.141745098972021e-18
5.011872336272735e-07      1.004894572542097e-18
7.852356346100710e-07      8.774161794541210e-19
1.230268770812381e-06      7.571644914509153e-19
1.927524913190937e-06      6.425671782016420e-19
3.019951720402019e-06      5.330822130108724e-19
4.731512589614812e-06      4.296333070700182e-19
7.413102413009192e-06      3.346245698545703e-19
1.161448613840346e-05      2.511748921652020e-19
1.819700858609982e-05      1.817827173125190e-19
2.851018267503909e-05      1.272616788083831e-19
4.466835921509634e-05      8.659993166678850e-20
6.998419960022745e-05      5.758297973114166e-20
1.096478196143187e-04      3.759506335537766e-20
1.717908387157593e-04      2.419854451594558e-20
2.691534803926914e-04      1.540569862827553e-20
4.216965034285822e-04      9.726127674197120e-21
6.606934480075965e-04      6.102281149850497e-21
1.035142166679345e-03      3.811602305348471e-21
1.621810097358933e-03      2.373693442198340e-21
2.540972705549311e-03      1.475600344325066e-21
3.981071705534985e-03      9.165714248470120e-22
6.237348354824191e-03      5.693206304270401e-22
9.772372209558110e-03      3.538378802653836e-22
1.531087461682038e-02      2.201437695381950e-22
2.398832919019485e-02      1.371527105269967e-22
3.758374042884435e-02      8.558383227703370e-23
5.888436553555884e-02      5.349609922021941e-23
9.225714271547630e-02      3.349788171431054e-23
1.445439770745928e-01      2.101232265855222e-23
2.264644307593062e-01      1.320292400161028e-23
3.548133892335760e-01      8.309401586170200e-24
5.559042572704048e-01      5.237548893953250e-24
8.709635899560830e-01      3.305938481684951e-24
1.364583136588929e+00      2.089376264312004e-24
2.137962089502241e+00      1.322026325532909e-24
3.349654391578293e+00      8.373598724004500e-25
5.248074602497712e+00      5.308621078211555e-25
8.222426499470700e+00      3.368216443411250e-25
1.288249551693132e+01      2.138553115955999e-25
2.018366363681559e+01      1.358624285793673e-25
3.162277660168380e+01      8.635661946065680e-26
4.954501908047906e+01      5.491288427436322e-26
7.762471166286928e+01      3.493025691846152e-26
1.216186000646370e+02      2.222570455750928e-26
1.905460717963252e+02      1.414563751031817e-26
2.985382618917969e+02      9.005301683160340e-27
4.677351412872000e+02      5.734428857963527e-27
7.328245331389074e+02      3.652714118923702e-27
1.148153621496889e+03      2.327491106319036e-27
1.798870915128784e+03      1.483564293760630e-27
2.818382931264449e+03      9.459452599574100e-28
4.415704473533121e+03      6.033109213841838e-28
6.918309709189362e+03      3.848607103774119e-28
1.083926914021204e+04      2.455490393338296e-28
1.698243652461746e+04      1.566836161709258e-28
2.660725059798814e+04      9.998685777453580e-29
4.168693834703364e+04      6.380961120859268e-29
6.531305526474743e+04      4.072358323235737e-29
1.023292992280758e+05      2.599067580685064e-29
1.603245390690048e+05      1.658812698086827e-29
2.511886431509593e+05      1.058724272479458e-29
3.935500754557797e+05      6.757287772197111e-30
6.165950018614811e+05      4.312854354861510e-30
9.660508789898120e+05      2.752701828101237e-30
1.513561248436207e+06      1.756932079163837e-30
2.371373705661656e+06      1.121377381199894e-30
3.715352290971728e+06      7.157302092394633e-31
5.821032177708721e+06      4.568224513145965e-31
9.120108393559110e+06      2.915720781772388e-31
1.428893958511107e+07      1.860992901104877e-31
2.238721138568347e+07      1.187801125656804e-31
3.507518739525694e+07      7.581286547750799e-32
5.495408738576271e+07      4.838867410947909e-32
8.609937521846050e+07      3.088441693296246e-32
1.348962882591662e+08      1.971253621012327e-32
2.113489039836643e+08      1.258173462581542e-32
3.311311214825908e+08      8.030458833109500e-33
5.188000389289609e+08      5.125551788472280e-33
8.128305161641000e+08      3.271448656107065e-33
1.273503081016663e+09      2.088045556729833e-33
1.995262314968883e+09      1.332723007574331e-33
3.126079367123962e+09      8.506273764057630e-34
4.897788193684478e+09      5.429227332610787e-34
7.673614893618218e+09      3.465268045964599e-34
1.202264434617418e+10      2.211770558011060e-34
1.883649089489810e+10      1.411680255238750e-34
2.951209226666402e+10      8.992586817551250e-35
4.623810213992631e+10      5.728733046173384e-35
7.244359600749892e+10      3.641088240912447e-35
1.135010815672314e+11      2.308097681474660e-35
1.778279410038922e+11      1.454231728398917e-35
2.786121168629772e+11      9.083551149357320e-36
4.365158322401665e+11      5.616662007009837e-36
6.839116472814307e+11      3.439480953454756e-36
1.071519305237609e+12      2.089121693037526e-36
1.678804018122566e+12      1.260967240115132e-36
2.630267991895392e+12      7.574982453618829e-37
4.120975190973320e+12      4.533933829115723e-37
6.456542290346588e+12      2.706055778317784e-37
1.011579454259905e+13      1.611556504849690e-37
1.584893192461124e+13      9.581295056690950e-38
2.483133105295568e+13      5.689105147773518e-38
3.890451449942805e+13      3.374678312157620e-38
6.095368972401694e+13      2.000244225953906e-38
9.549925860214370e+13      1.184850535121801e-38
1.496235656094448e+14      7.012246153863834e-39
2.344228815319946e+14      4.147193798295227e-39
3.672823004980827e+14      2.451363098511361e-39
5.754399373371543e+14      1.448145826269273e-39
9.015711376059530e+14      8.549736739032850e-40
1.412537544622750e+15      5.044320662298535e-40
2.213094709605632e+15      2.973892785694692e-40
3.467368504525310e+15      1.751750261128520e-40
5.432503314924325e+15      1.030816520585996e-40
8.511380382023760e+15      6.058640702202738e-41
1.333521432163324e+16      3.555957981415535e-41
2.089296130854041e+16      2.083549914171023e-41
3.273406948788386e+16      1.218326160219007e-41
5.128613839913658e+16      7.106241288247028e-42
8.035261221856190e+16      4.132183989765450e-42
1.258925411794172e+17      2.393579610130494e-42
1.972422736114862e+17      1.379768990365528e-42
3.090295432513605e+17      7.907572200100947e-43
4.841723675841020e+17      4.497404140846959e-43
7.585775750291883e+17      2.532693448174038e-43
1.188502227437026e+18      1.408863100470384e-43
1.862087136662881e+18      7.726426211545294e-44
2.917427014001190e+18      4.175821493697335e-44
4.570881896148790e+18      2.226882208091265e-44
7.161434102129086e+18      1.174289797839349e-44
1.122018454301974e+19      6.136908729763333e-45
1.757923613958711e+19      3.184794444294707e-45
2.754228703338152e+19      1.644006943095155e-45
4.315190768277633e+19      8.453373721082310e-46
6.760829753919791e+19      4.334647781400530e-46
1.059253725177285e+20      2.218452708543710e-46
1.659586907437556e+20      1.133941462723854e-46
2.600159563165267e+20      5.791134739382892e-47
4.073802778041122e+20      2.955948368997140e-47
6.382634861905482e+20      1.508255867869375e-47
10.000000000000000e+20      7.694011450456014e-48
