#Computed following 1808.08968
1.000000000000000e-18      3.227425880225969e-12
1.566751070108150e-18      2.578435531410714e-12
2.454708915685033e-18      2.059948093734624e-12
3.845917820453543e-18      1.645721251195788e-12
6.025595860743593e-18      1.314789651678635e-12
9.440608762859270e-18      1.050403783086091e-12
1.479108388168213e-17      8.391822266876610e-13
2.317394649968470e-17      6.704343805002708e-13
3.630780547701002e-17      5.356193735548165e-13
5.688529308438401e-17      4.279137849601043e-13
8.912509381337440e-17      3.418662886362945e-13
1.396368361055936e-16      2.731217441776281e-13
2.187761623949552e-16      2.182007691960256e-13
3.427677865464505e-16      1.743236365932564e-13
5.370317963702532e-16      1.392695836365148e-13
8.413951416451970e-16      1.112644120174259e-13
1.318256738556410e-15      8.889068997214810e-14
2.065380155810527e-15      7.101601150318423e-14
3.235936569296280e-15      5.617019567224585e-14
5.069907082747044e-15      4.501741855629947e-14
7.943282347242821e-15      3.605140222126716e-14
1.244514611771382e-14      2.895778471368674e-14
1.949844599758041e-14      2.330648707377405e-14
3.054921113215509e-14      1.881240215098887e-14
4.786300923226380e-14      1.522903164006887e-14
7.498942093324558e-14      1.237042570577299e-14
1.174897554939530e-13      1.008866718868009e-14
1.840772001468958e-13      8.265617045022980e-15
2.884031503126612e-13      6.807181032928050e-15
4.518559443749235e-13      5.638287458590352e-15
7.079457843841402e-13      4.699047880154854e-15
1.109174815262401e-12      3.941765797108831e-15
1.737800828749376e-12      3.328535061394020e-15
2.722701308077915e-12      2.829318906886629e-15
4.265795188015916e-12      2.420397797822044e-15
6.683439175686136e-12      2.083108121050882e-15
1.047128548050898e-11      1.802813466208324e-15
1.640589773199539e-11      1.568065657666992e-15
2.570395782768864e-11      1.369923210140069e-15
4.027170343254594e-11      1.201401457475974e-15
6.309573444801942e-11      1.057033290866113e-15
9.885530946569410e-11      9.325214633692410e-16
1.548816618912480e-10      8.244660960817010e-16
2.426610095082415e-10      7.301526469434448e-16
3.801893963205613e-10      6.473876270095469e-16
5.956621435290110e-10      5.743713104168235e-16
9.332543007969930e-10      5.095986667697774e-16
1.462177174456721e-09      4.517817805072194e-16
2.290867652767770e-09      3.997893486748553e-16
3.589219346450050e-09      3.526018813072656e-16
5.623413251903490e-09      3.092856749911604e-16
8.810488730080150e-09      2.689947579185096e-16
1.380384264602887e-08      2.310160684158197e-16
2.162718523727025e-08      1.948712598603061e-16
3.388441561392034e-08      1.604621887761181e-16
5.308844442309879e-08      1.281843254465335e-16
8.317637711026710e-08      9.887146649585410e-17
1.303166778452300e-07      7.348861307155034e-17
2.041737944669532e-07      5.270127835439009e-17
3.198895109691404e-07      3.660265933863861e-17
5.011872336272735e-07      2.474498622846543e-17
7.852356346100710e-07      1.636835321645930e-17
1.230268770812381e-06      1.064356357030008e-17
1.927524913190937e-06      6.829617985026889e-18
3.019951720402019e-06      4.337695486562137e-18
4.731512589614812e-06      2.733647344393968e-18
7.413102413009192e-06      1.712874297007273e-18
1.161448613840346e-05      1.068907856166221e-18
1.819700858609982e-05      6.652662450735809e-19
2.851018267503909e-05      4.134199820854218e-19
4.466835921509634e-05      2.567631943353724e-19
6.998419960022745e-05      1.594923035187812e-19
1.096478196143187e-04      9.914233274932110e-20
1.717908387157593e-04      6.169844280320119e-20
2.691534803926914e-04      3.845153620819072e-20
4.216965034285822e-04      2.400272655468354e-20
6.606934480075965e-04      1.500928599727620e-20
1.035142166679345e-03      9.402146663510260e-21
1.621810097358933e-03      5.900013680429886e-21
2.540972705549311e-03      3.708616854936526e-21
3.981071705534985e-03      2.334884937520321e-21
6.237348354824191e-03      1.472200216247847e-21
9.772372209558110e-03      9.295332482737340e-22
1.531087461682038e-02      5.876326487410589e-22
2.398832919019485e-02      3.719087949575725e-22
3.758374042884435e-02      2.356152953860429e-22
5.888436553555884e-02      1.494021623087666e-22
9.225714271547630e-02      9.480857330050610e-23
1.445439770745928e-01      6.020468642708164e-23
2.264644307593062e-01      3.825266509524218e-23
3.548133892335760e-01      2.431652619969958e-23
5.559042572704048e-01      1.546378537071683e-23
8.709635899560830e-01      9.837221280006760e-24
1.364583136588929e+00      6.259676073985116e-24
2.137962089502241e+00      3.984216714934595e-24
3.349654391578293e+00      2.536553074134814e-24
5.248074602497712e+00      1.615345522670863e-24
8.222426499470700e+00      1.029024028393813e-24
1.288249551693132e+01      6.557417822446205e-25
2.018366363681559e+01      4.180103994618318e-25
3.162277660168380e+01      2.665491432971725e-25
4.954501908047906e+01      1.700106080534780e-25
7.762471166286928e+01      1.084565415210908e-25
1.216186000646370e+02      6.920000201895228e-26
1.905460717963252e+02      4.415713653872291e-26
2.985382618917969e+02      2.817908573234589e-26
4.677351412872000e+02      1.798352257141665e-26
7.328245331389074e+02      1.147725273067241e-26
1.148153621496889e+03      7.325071137039898e-27
1.798870915128784e+03      4.675125257139730e-27
2.818382931264449e+03      2.983870096405536e-27
4.415704473533121e+03      1.904453011105485e-27
6.918309709189362e+03      1.215523076285908e-27
1.083926914021204e+04      7.758146768966284e-28
1.698243652461746e+04      4.951697227791825e-28
2.660725059798814e+04      3.160465906528573e-28
4.168693834703364e+04      2.017199341519109e-28
6.531305526474743e+04      1.287499361111951e-28
1.023292992280758e+05      8.217611348579010e-29
1.603245390690048e+05      5.244987359049530e-29
2.511886431509593e+05      3.347676693984440e-29
3.935500754557797e+05      2.136695950996954e-29
6.165950018614811e+05      1.363772993246845e-29
9.660508789898120e+05      8.704454195038140e-30
1.513561248436207e+06      5.555745134381652e-30
2.371373705661656e+06      3.546019785069501e-30
3.715352290971728e+06      2.263291997164600e-30
5.821032177708721e+06      1.444577484628671e-30
9.120108393559110e+06      9.220199417371060e-31
1.428893958511107e+07      5.884918210383721e-31
2.238721138568347e+07      3.756127685558175e-31
3.507518739525694e+07      2.397397631129305e-31
5.495408738576271e+07      1.530168439752692e-31
8.609937521846050e+07      9.766531237273630e-32
1.348962882591662e+08      6.233717374901339e-32
2.113489039836643e+08      3.978707474522882e-32
3.311311214825908e+08      2.539257077820899e-32
5.188000389289609e+08      1.620727795937053e-32
8.128305161641000e+08      1.034732180001113e-32
1.273503081016663e+09      6.603368351833566e-33
1.995262314968883e+09      4.211127286956206e-33
3.126079367123962e+09      2.683244552881528e-33
4.897788193684478e+09      1.710407233366104e-33
7.673614893618218e+09      1.090762966817362e-33
1.202264434617418e+10      6.941878641634749e-34
1.883649089489810e+10      4.389488322680260e-34
2.951209226666402e+10      2.747469845622910e-34
4.623810213992631e+10      1.700137737238208e-34
7.244359600749892e+10      1.041140951894509e-34
1.135010815672314e+11      6.322966347853739e-35
1.778279410038922e+11      3.816035998963878e-35
2.786121168629772e+11      2.292190584456083e-35
4.365158322401665e+11      1.371837083578292e-35
6.839116472814307e+11      8.186957933260700e-36
1.071519305237609e+12      4.875242179458458e-36
1.678804018122566e+12      2.898334212687741e-36
2.630267991895392e+12      1.720877522454333e-36
4.120975190973320e+12      1.020767875017216e-36
6.456542290346588e+12      6.050230656665792e-37
1.011579454259905e+13      3.583864112414861e-37
1.584893192461124e+13      2.121235270124201e-37
2.483133105295568e+13      1.254596738789894e-37
3.890451449942805e+13      7.416199884410412e-38
6.095368972401694e+13      4.381433470300712e-38
9.549925860214370e+13      2.586982800418040e-38
1.496235656094448e+14      1.526469674443863e-38
2.344228815319946e+14      9.000455517033190e-39
3.672823004980827e+14      5.302437571729967e-39
5.754399373371543e+14      3.120769307297135e-39
9.015711376059530e+14      1.834626506826653e-39
1.412537544622750e+15      1.077059084620721e-39
2.213094709605632e+15      6.312786872703240e-40
3.467368504525310e+15      3.692732620874057e-40
5.432503314924325e+15      2.154899458927840e-40
8.511380382023760e+15      1.253719334050738e-40
1.333521432163324e+16      7.267428787735177e-41
2.089296130854041e+16      4.193942896615666e-41
3.273406948788386e+16      2.406706440408556e-41
5.128613839913658e+16      1.370569081075317e-41
8.035261221856190e+16      7.722449351923154e-42
1.258925411794172e+17      4.292010274822715e-42
1.972422736114862e+17      2.348872687370692e-42
3.090295432513605e+17      1.266109422119235e-42
4.841723675841020e+17      6.734429455125107e-43
7.585775750291883e+17      3.543231532299205e-43
1.188502227437026e+18      1.848252605253005e-43
1.862087136662881e+18      9.577238462988980e-44
2.917427014001190e+18      4.938092001687100e-44
4.570881896148790e+18      2.536966448641136e-44
7.161434102129086e+18      1.300098326782269e-44
1.122018454301974e+19      6.651092367755812e-45
1.757923613958711e+19      3.398703774103824e-45
2.754228703338152e+19      1.735431685397631e-45
4.315190768277633e+19      8.857060677247570e-46
6.760829753919791e+19      4.518920200917656e-46
1.059253725177285e+20      2.305109513391047e-46
1.659586907437556e+20      1.175687494690928e-46
2.600159563165267e+20      5.995919253827990e-47
4.073802778041122e+20      3.057710213967911e-47
6.382634861905482e+20      1.559273563965324e-47
10.000000000000000e+20      7.951306671494873e-48
