#Computed following 1808.08968
1.000000000000000e-18      3.227425895684364e-15
1.566751070108150e-18      2.578435543760654e-15
2.454708915685033e-18      2.059948103601160e-15
3.845917820453543e-18      1.645721259078293e-15
6.025595860743593e-18      1.314789657976087e-15
9.440608762859270e-18      1.050403788117214e-15
1.479108388168213e-17      8.391822307070940e-16
2.317394649968470e-17      6.704343837114529e-16
3.630780547701002e-17      5.356193761202722e-16
5.688529308438401e-17      4.279137870096837e-16
8.912509381337440e-17      3.418662902737327e-16
1.396368361055936e-16      2.731217454858001e-16
2.187761623949552e-16      2.182007702411424e-16
3.427677865464505e-16      1.743236374282146e-16
5.370317963702532e-16      1.392695843035739e-16
8.413951416451970e-16      1.112644125503494e-16
1.318256738556410e-15      8.889069039790770e-17
2.065380155810527e-15      7.101601184332930e-17
3.235936569296280e-15      5.617019688209758e-17
5.069907082747044e-15      4.501742004846929e-17
7.943282347242821e-15      3.605140423400921e-17
1.244514611771382e-14      2.895778730100472e-17
1.949844599758041e-14      2.330649039306835e-17
3.054921113215509e-14      1.881240638101785e-17
4.786300923226380e-14      1.522903704412361e-17
7.498942093324558e-14      1.237043263545732e-17
1.174897554939530e-13      1.008867611651900e-17
1.840772001468958e-13      8.265628611003270e-18
2.884031503126612e-13      6.807196108686395e-18
4.518559443749235e-13      5.638307238087175e-18
7.079457843841402e-13      4.699074007013652e-18
1.109174815262401e-12      3.941800540972156e-18
1.737800828749376e-12      3.328581575427705e-18
2.722701308077915e-12      2.829381565158769e-18
4.265795188015916e-12      2.420482691570853e-18
6.683439175686136e-12      2.083223739739835e-18
1.047128548050898e-11      1.802971652749243e-18
1.640589773199539e-11      1.568282944185024e-18
2.570395782768864e-11      1.370222684641248e-18
4.027170343254594e-11      1.201815374947502e-18
6.309573444801942e-11      1.057606711784555e-18
9.885530946569410e-11      9.333173295048120e-19
1.548816618912480e-10      8.255722780949870e-19
2.426610095082415e-10      7.316916962851007e-19
3.801893963205613e-10      6.495301746621565e-19
5.956621435290110e-10      5.773542655749755e-19
9.332543007969930e-10      5.137494934214456e-19
1.462177174456721e-09      4.575499166605743e-19
2.290867652767770e-09      4.077847772558487e-19
3.589219346450050e-09      3.636380157056359e-19
5.623413251903490e-09      3.244174230396524e-19
8.810488730080150e-09      2.895309961820997e-19
1.380384264602887e-08      2.584686674136336e-19
2.162718523727025e-08      2.307880474665490e-19
3.388441561392034e-08      2.061031655743254e-19
5.308844442309879e-08      1.840754510970283e-19
8.317637711026710e-08      1.644063887735092e-19
1.303166778452300e-07      1.468314167762740e-19
2.041737944669532e-07      1.311147350848537e-19
3.198895109691404e-07      1.170447635943551e-19
5.011872336272735e-07      1.044300401729994e-19
7.852356346100710e-07      9.309540078701640e-20
1.230268770812381e-06      8.287835311502990e-20
1.927524913190937e-06      7.362568162778921e-20
3.019951720402019e-06      6.519058381218255e-20
4.731512589614812e-06      5.743113322388640e-20
7.413102413009192e-06      5.021170229110871e-20
1.161448613840346e-05      4.341003513016774e-20
1.819700858609982e-05      3.693305381860017e-20
2.851018267503909e-05      3.074182318727639e-20
4.466835921509634e-05      2.487729613771574e-20
6.998419960022745e-05      1.946568047988600e-20
1.096478196143187e-04      1.468132100893322e-20
1.717908387157593e-04      1.067355804228935e-20
2.691534803926914e-04      7.502091110386884e-21
4.216965034285822e-04      5.121944306337882e-21
6.606934480075965e-04      3.414714772985545e-21
1.035142166679345e-03      2.234012223469993e-21
1.621810097358933e-03      1.440256557537157e-21
2.540972705549311e-03      9.180604696592640e-22
3.981071705534985e-03      5.801524366119256e-22
6.237348354824191e-03      3.642509601530087e-22
9.772372209558110e-03      2.276320885967838e-22
1.531087461682038e-02      1.418057744209004e-22
2.398832919019485e-02      8.816995526692220e-23
3.758374042884435e-02      5.477112122156710e-23
5.888436553555884e-02      3.402019289090336e-23
9.225714271547630e-02      2.114213052316955e-23
1.445439770745928e-01      1.315204243215305e-23
2.264644307593062e-01      8.192529739755200e-24
3.548133892335760e-01      5.111192150420940e-24
5.559042572704048e-01      3.194214211597287e-24
8.709635899560830e-01      1.999718889642320e-24
1.364583136588929e+00      1.254112201570073e-24
2.137962089502241e+00      7.878550831042632e-25
3.349654391578293e+00      4.957519535736615e-25
5.248074602497712e+00      3.124257619851416e-25
8.222426499470700e+00      1.971712775200480e-25
1.288249551693132e+01      1.245954219250960e-25
2.018366363681559e+01      7.882579739381650e-26
3.162277660168380e+01      4.992172639660655e-26
4.954501908047906e+01      3.164566454428070e-26
7.762471166286928e+01      2.007675308459584e-26
1.216186000646370e+02      1.274616952050770e-26
1.905460717963252e+02      8.097121760353720e-27
2.985382618917969e+02      5.146395371678817e-27
4.677351412872000e+02      3.272367111056485e-27
7.328245331389074e+02      2.081486241494038e-27
1.148153621496889e+03      1.324382120996791e-27
1.798870915128784e+03      8.428831453609750e-28
2.818382931264449e+03      5.365745079009369e-28
4.415704473533121e+03      3.416702747142994e-28
6.918309709189362e+03      2.176284368801318e-28
1.083926914021204e+04      1.386660661387076e-28
1.698243652461746e+04      8.838337970281150e-29
2.660725059798814e+04      5.635261716208896e-29
4.168693834703364e+04      3.593987549955107e-29
6.531305526474743e+04      2.292606555220478e-29
1.023292992280758e+05      1.462701737067107e-29
1.603245390690048e+05      9.333315494385380e-30
2.511886431509593e+05      5.955958111151643e-30
3.935500754557797e+05      3.800950823491831e-30
6.165950018614811e+05      2.425774010757200e-30
9.660508789898120e+05      1.548177195038827e-30
1.513561248436207e+06      9.880969557964940e-31
2.371373705661656e+06      6.306442781399186e-31
3.715352290971728e+06      4.025071211921933e-31
5.821032177708721e+06      2.569009073635444e-31
9.120108393559110e+06      1.639682642206660e-31
1.428893958511107e+07      1.046539066334033e-31
2.238721138568347e+07      6.679626086761210e-32
3.507518739525694e+07      4.263336645585892e-32
5.495408738576271e+07      2.721119779444007e-32
8.609937521846050e+07      1.736785189769160e-32
1.348962882591662e+08      1.108523382065821e-32
2.113489039836643e+08      7.075213902995616e-33
3.311311214825908e+08      4.515899373676635e-33
5.188000389289609e+08      2.882319034458289e-33
8.128305161641000e+08      1.839670187334619e-33
1.273503081016663e+09      1.174198667448215e-33
1.995262314968883e+09      7.494461067415142e-34
3.126079367123962e+09      4.783434511870193e-34
4.897788193684478e+09      3.053095580344298e-34
7.673614893618218e+09      1.948676811894512e-34
1.202264434617418e+10      1.243768950036101e-34
1.883649089489810e+10      7.938522756837337e-35
2.951209226666402e+10      5.066548392374935e-35
4.623810213992631e+10      3.233577253950949e-35
7.244359600749892e+10      2.063543035344757e-35
1.135010815672314e+11      1.316728707183481e-35
1.778279410038922e+11      8.399622740475490e-36
2.786121168629772e+11      5.232549095702398e-36
4.365158322401665e+11      3.281881473320412e-36
6.839116472814307e+11      2.018490644484678e-36
1.071519305237609e+12      1.239806821624516e-36
1.678804018122566e+12      7.532054871907051e-37
2.630267991895392e+12      4.549444323953281e-37
4.120975190973320e+12      2.732735132736528e-37
6.456542290346588e+12      1.636429586881425e-37
1.011579454259905e+13      9.769177169038150e-38
1.584893192461124e+13      5.819032361485969e-38
2.483133105295568e+13      3.460206000654500e-38
3.890451449942805e+13      2.054828498192188e-38
6.095368972401694e+13      1.219008174497018e-38
9.549925860214370e+13      7.225886350763271e-39
1.496235656094448e+14      4.280540069738764e-39
2.344228815319946e+14      2.533581509923126e-39
3.672823004980827e+14      1.498499775982036e-39
5.754399373371543e+14      8.857960525620930e-40
9.015711376059530e+14      5.233140923095712e-40
1.412537544622750e+15      3.089784466944728e-40
2.213094709605632e+15      1.823081171442033e-40
3.467368504525310e+15      1.074879510567493e-40
5.432503314924325e+15      6.332019948058531e-41
8.511380382023760e+15      3.726432121386650e-41
1.333521432163324e+16      2.190463916855062e-41
2.089296130854041e+16      1.285806993506648e-41
3.273406948788386e+16      7.535173560025556e-42
5.128613839913658e+16      4.406948257523001e-42
8.035261221856190e+16      2.571096084885999e-42
1.258925411794172e+17      1.495501821304100e-42
1.972422736114862e+17      8.665992455789000e-43
3.090295432513605e+17      4.997800802819978e-43
4.841723675841020e+17      2.864595103459921e-43
7.585775750291883e+17      1.628571071900634e-43
1.188502227437026e+18      9.156240694774070e-44
1.862087136662881e+18      5.071114782461550e-44
2.917427014001190e+18      2.790196211519561e-44
4.570881896148790e+18      1.514572599728225e-44
7.161434102129086e+18      8.091208563546230e-45
1.122018454301974e+19      4.278821872479360e-45
1.757923613958711e+19      2.241401739884989e-45
2.754228703338152e+19      1.165390688052765e-45
4.315190768277633e+19      6.024644146073458e-46
6.760829753919791e+19      3.101228788218150e-46
1.059253725177285e+20      1.591470540228786e-46
1.659586907437556e+20      8.149501181263810e-47
2.600159563165267e+20      4.167066347621596e-47
4.073802778041122e+20      2.128671491954256e-47
6.382634861905482e+20      1.086703171859924e-47
10.000000000000000e+20      5.545406728919171e-48
