1.000000000000000e-03     4.440521733552400e-22
1.096478196143185e-03     1.882560751181249e-22
1.202264434617413e-03     1.347950673348174e-22
1.318256738556407e-03     1.036506428573705e-22
1.445439770745928e-03     8.211206988803950e-23
1.584893192461114e-03     6.611256393237054e-23
1.737800828749376e-03     5.376751934098256e-23
1.905460717963248e-03     4.398716780245620e-23
2.089296130854039e-03     3.625150155747691e-23
2.290867652767772e-03     2.996580851506915e-23
2.511886431509579e-03     2.486056531354591e-23
2.754228703338166e-03     2.070665749626608e-23
3.019951720402016e-03     1.727376472292540e-23
3.311311214825911e-03     1.442972319121921e-23
3.630780547701014e-03     1.207015924766286e-23
3.981071705534974e-03     1.011006621559871e-23
4.365158322401661e-03     8.492645575418310e-24
4.786300923226386e-03     7.144749389439495e-24
5.248074602497723e-03     6.016293294912356e-24
5.754399373371567e-03     5.070677618198043e-24
6.309573444801931e-03     4.277608164365838e-24
6.918309709189363e-03     3.611902346823528e-24
7.585775750291836e-03     3.052649906199845e-24
8.317637711026710e-03     2.582444519301671e-24
9.120108393559100e-03     2.187207568316074e-24
1.000000000000000e-02     1.855055895222048e-24
1.096478196143185e-02     1.574798527371042e-24
1.202264434617413e-02     1.338113647136446e-24
1.318256738556407e-02     1.138056962261654e-24
1.445439770745927e-02     9.688130942571970e-25
1.584893192461113e-02     8.255169597315840e-25
1.737800828749376e-02     7.040945780443564e-25
1.905460717963247e-02     6.011156016396181e-25
2.089296130854040e-02     5.136981480051542e-25
2.290867652767774e-02     4.392674267793938e-25
2.511886431509579e-02     3.759308788518383e-25
2.754228703338166e-02     3.220705389320392e-25
3.019951720402016e-02     2.762542702945209e-25
3.311311214825911e-02     2.372313061498860e-25
3.630780547701014e-02     2.039740879965366e-25
3.981071705534974e-02     1.756066669584296e-25
4.365158322401658e-02     1.513833110927260e-25
4.786300923226382e-02     1.306357370758865e-25
5.248074602497725e-02     1.128514126879809e-25
5.754399373371570e-02     9.763757850361970e-26
6.309573444801933e-02     8.461804748420140e-26
6.918309709189366e-02     7.346863990466526e-26
7.585775750291836e-02     6.391664931470604e-26
8.317637711026710e-02     5.571729194036394e-26
9.120108393559100e-02     4.868755885440390e-26
1.000000000000000e-01     4.266148807502780e-26
1.096478196143185e-01     3.750368998252724e-26
1.202264434617413e-01     3.309413239589421e-26
1.318256738556407e-01     2.933215694019187e-26
1.445439770745928e-01     2.613767779409095e-26
1.584893192461114e-01     2.343877985463486e-26
1.737800828749376e-01     2.117541838987028e-26
1.905460717963246e-01     1.929687572817205e-26
2.089296130854039e-01     1.775775255385875e-26
2.290867652767772e-01     1.651699358077454e-26
2.511886431509580e-01     1.553699407069618e-26
2.754228703338166e-01     1.478372924126058e-26
3.019951720402016e-01     1.422617019233215e-26
3.311311214825911e-01     1.383849942385553e-26
3.630780547701014e-01     1.360012813063367e-26
3.981071705534973e-01     1.349590461099226e-26
4.365158322401661e-01     1.351590093666313e-26
4.786300923226385e-01     1.365472631836185e-26
5.248074602497729e-01     1.391178957328192e-26
5.754399373371566e-01     1.429068347098015e-26
6.309573444801931e-01     1.479929407223373e-26
6.918309709189363e-01     1.545033854334275e-26
7.585775750291836e-01     1.626080343586881e-26
8.317637711026710e-01     1.725059185554933e-26
9.120108393559100e-01     1.844531175967823e-26
1.000000000000000e+00     1.987357508615563e-26
1.096478196143185e+00     2.156810553952809e-26
1.202264434617413e+00     2.356079822566484e-26
1.318256738556407e+00     2.587640858655759e-26
1.445439770745928e+00     2.858867318527498e-26
1.584893192461114e+00     3.170852206337551e-26
1.737800828749376e+00     3.535558275671296e-26
1.905460717963246e+00     3.954103200167432e-26
2.089296130854039e+00     4.442505764409067e-26
2.290867652767772e+00     5.008284599375668e-26
2.511886431509580e+00     5.664218524428554e-26
2.754228703338166e+00     6.436473714429747e-26
3.019951720402016e+00     7.328312827333685e-26
3.311311214825911e+00     8.384554654315980e-26
3.630780547701014e+00     9.626756790991410e-26
3.981071705534973e+00     1.109154383695423e-25
4.365158322401661e+00     1.285262984306451e-25
4.786300923226385e+00     1.495285080241134e-25
5.248074602497728e+00     1.748734990743097e-25
5.754399373371567e+00     2.062324494599103e-25
6.309573444801930e+00     2.451060324145583e-25
6.918309709189363e+00     2.949015125132528e-25
7.585775750291836e+00     3.610596858945841e-25
8.317637711026710e+00     4.575388750003494e-25
9.120108393559100e+00     6.687518554812882e-25
1.000000000000000e+01     1.952104218654957e-24
