4.999999950079738e+00     1.101592574977070e-23
5.357596472697509e+00     3.411898891020587e-24
5.740768050168284e+00     1.494730217392240e-24
6.151343792646569e+00     7.258120633855042e-25
6.591283626974315e+00     3.835264845851329e-25
7.062687652599529e+00     2.202156930237841e-25
7.567806166623669e+00     1.384493445965107e-25
8.109050405833470e+00     9.524724089309190e-26
8.689004056995410e+00     7.029606074259433e-26
9.310435590358460e+00     5.440041212171637e-26
9.976311475240380e+00     4.352515372425243e-26
1.068981034078353e+01     3.573654759994425e-26
1.145433814947815e+01     2.998709878803801e-26
1.227354445588544e+01     2.565411723921073e-26
1.315133982817325e+01     2.234264838238070e-26
1.409191451562785e+01     1.978791207254659e-26
1.509975845125330e+01     1.780432289718257e-26
1.617968268494261e+01     1.625638997669962e-26
1.733684234953465e+01     1.504247634500055e-26
1.857676126938727e+01     1.408480261140615e-26
1.990535832893873e+01     1.332436881471215e-26
2.132897572713002e+01     1.271647340642080e-26
2.285440925256414e+01     1.222780754961743e-26
2.448894072392345e+01     1.183338274541602e-26
2.624037275050337e+01     1.151465913602817e-26
2.811706597879521e+01     1.125764767021894e-26
3.012797900291856e+01     1.105197193893605e-26
3.228271112942052e+01     1.088975708001848e-26
3.459154820058299e+01     1.076466996835919e-26
3.706551169498185e+01     1.067270281555460e-26
3.971641133968335e+01     1.060899097880525e-26
4.255690148522848e+01     1.057203261749572e-26
4.560054151251730e+01     1.055969634719322e-26
4.886186055995115e+01     1.056847384841219e-26
5.235642687981569e+01     1.059888401660614e-26
5.610092215498362e+01     1.065020104029010e-26
6.011322113069713e+01     1.072094556959054e-26
6.441247694155916e+01     1.080978005671442e-26
6.901921254105286e+01     1.091816719475764e-26
7.395541867003562e+01     1.104609411896664e-26
7.924465883187290e+01     1.119337840612872e-26
8.491218177531960e+01     1.135915057161952e-26
9.098504202209970e+01     1.154507178592842e-26
9.749222901453480e+01     1.175177865981419e-26
1.044648054997199e+02     1.198021875720655e-26
1.119360558108416e+02     1.223142529405660e-26
1.199416447534709e+02     1.250649430019233e-26
1.285197878552949e+02     1.280648092945421e-26
1.377114337919902e+02     1.313261406429168e-26
1.475604598600679e+02     1.348659975853467e-26
1.581138814298017e+02     1.387425436511142e-26
1.694220763780824e+02     1.429492985779259e-26
1.815390255725556e+02     1.475038427594386e-26
1.945225705550168e+02     1.524299229611009e-26
2.084346896541450e+02     1.578100621995923e-26
2.233417938456254e+02     1.636855291100607e-26
2.393150437719854e+02     1.700570223103797e-26
2.564306894354650e+02     1.769688488987822e-26
2.747704341854898e+02     1.845618721340004e-26
2.944218247382717e+02     1.928756938651282e-26
3.154786690903411e+02     2.019520598524361e-26
3.380414843209671e+02     2.119130953663331e-26
3.622179764210918e+02     2.229130093770774e-26
3.881235544393002e+02     2.350346423709429e-26
4.158818813991490e+02     2.484249147308376e-26
4.456254646177251e+02     2.632897391890699e-26
4.774962882433702e+02     2.798983191559965e-26
5.116464910320722e+02     2.982619961691622e-26
5.482390925979449e+02     3.190847143829318e-26
5.874487716046454e+02     3.421257798472213e-26
6.294626996124947e+02     3.685584763699697e-26
6.744814345617689e+02     3.978527665701909e-26
7.227198781572911e+02     4.319340087520673e-26
7.744083017245077e+02     4.700508407514260e-26
8.297934454340790e+02     5.142151778233949e-26
8.891396961422440e+02     5.650701621575868e-26
9.527303494695150e+02     6.231857298579125e-26
1.020868962142356e+03     6.912223783138920e-26
1.093880801053413e+03     7.707580840429384e-26
1.172114395957510e+03     8.631965013622950e-26
1.255943203215389e+03     9.708660673206970e-26
1.345767388527247e+03     1.099412779978407e-25
1.442015737166143e+03     1.249900452017800e-25
1.545147700829960e+03     1.425298389149879e-25
1.655655590882804e+03     1.636459622704427e-25
1.774066928455500e+03     1.882783887390864e-25
1.900946962623653e+03     2.176715835988660e-25
2.036901368684034e+03     2.524134986630837e-25
2.182579139409846e+03     2.938414331883303e-25
2.338675683086531e+03     3.432014342038423e-25
2.505936143116966e+03     4.022994005281868e-25
2.685158955042497e+03     4.732858128437942e-25
2.877199657959675e+03     5.586279799480248e-25
3.082974978526828e+03     6.625401305749882e-25
3.303467207055990e+03     7.879517832393762e-25
3.539728886579849e+03     9.429684589900310e-25
3.792887837277528e+03     1.134544155914233e-24
4.064152540243787e+03     1.374156277984107e-24
4.354817906301674e+03     1.682798049645020e-24
4.666271457396655e+03     2.107392974940395e-24
4.999999950079740e+03     4.083654582481901e-24
