1.000000000000000e-03     6.517514409225960e-22
1.096478196143185e-03     2.763102526750025e-22
1.202264434617413e-03     1.978440528505351e-22
1.318256738556407e-03     1.521317986677251e-22
1.445439770745928e-03     1.205191333466544e-22
1.584893192461114e-03     9.703602551145990e-23
1.737800828749376e-03     7.891798718935092e-23
1.905460717963248e-03     6.456795029839620e-23
2.089296130854039e-03     5.321290884917351e-23
2.290867652767772e-03     4.398514216516136e-23
2.511886431509579e-03     3.650211256169923e-23
2.754228703338166e-03     3.040436937315555e-23
3.019951720402016e-03     2.536670159224446e-23
3.311311214825911e-03     2.119571151979620e-23
3.630780547701014e-03     1.773707490147181e-23
3.981071705534974e-03     1.486770721206766e-23
4.365158322401661e-03     1.250020110341140e-23
4.786300923226386e-03     1.052080569873859e-23
5.248074602497723e-03     8.863739828247070e-24
5.754399373371567e-03     7.475117093013658e-24
6.309573444801931e-03     6.310387083724466e-24
6.918309709189363e-03     5.332636734027449e-24
7.585775750291836e-03     4.511230314958524e-24
8.317637711026710e-03     3.821782786392212e-24
9.120108393559100e-03     3.242335863059709e-24
1.000000000000000e-02     2.753480467169853e-24
1.096478196143185e-02     2.340658202826859e-24
1.202264434617413e-02     1.991764557313794e-24
1.318256738556407e-02     1.696633351986814e-24
1.445439770745927e-02     1.446711720821948e-24
1.584893192461113e-02     1.234883534680570e-24
1.737800828749376e-02     1.055229685035044e-24
1.905460717963247e-02     9.024434559312010e-25
2.089296130854040e-02     7.726094218610645e-25
2.290867652767774e-02     6.622317519758127e-25
2.511886431509579e-02     5.683410168982783e-25
2.754228703338166e-02     4.883992630921425e-25
3.019951720402016e-02     4.202667194780940e-25
3.311311214825911e-02     3.621412530782431e-25
3.630780547701014e-02     3.124575333729902e-25
3.981071705534974e-02     2.698745927639572e-25
4.365158322401658e-02     2.334801695409933e-25
4.786300923226382e-02     2.023540961422538e-25
5.248074602497725e-02     1.757199212655810e-25
5.754399373371570e-02     1.529114476853132e-25
6.309573444801933e-02     1.333337212094831e-25
6.918309709189366e-02     1.165622709280397e-25
7.585775750291836e-02     1.021995538736693e-25
8.317637711026710e-02     8.990937940920520e-26
9.120108393559100e-02     7.940685579934482e-26
1.000000000000000e-01     7.045794950174725e-26
1.096478196143185e-01     6.286139289934439e-26
1.202264434617413e-01     5.645078687610216e-26
1.318256738556407e-01     5.107907218349578e-26
1.445439770745928e-01     4.662007845055816e-26
1.584893192461114e-01     4.295937951576167e-26
1.737800828749376e-01     3.999023902908052e-26
1.905460717963246e-01     3.761170316861496e-26
2.089296130854039e-01     3.572868234945398e-26
2.290867652767772e-01     3.425500221990675e-26
2.511886431509580e-01     3.311532334907884e-26
2.754228703338166e-01     3.224697641734093e-26
3.019951720402016e-01     3.160035779901568e-26
3.311311214825911e-01     3.113694503310900e-26
3.630780547701014e-01     3.082740726623280e-26
3.981071705534973e-01     3.064947219012840e-26
4.365158322401661e-01     3.058771253410475e-26
4.786300923226385e-01     3.062873074425997e-26
5.248074602497729e-01     3.076514738633614e-26
5.754399373371566e-01     3.099074381838767e-26
6.309573444801931e-01     3.130098468099526e-26
6.918309709189363e-01     3.169355822344761e-26
7.585775750291836e-01     3.216703265910128e-26
8.317637711026710e-01     3.272110790210164e-26
9.120108393559100e-01     3.336337677383030e-26
1.000000000000000e+00     3.409086336085447e-26
1.096478196143185e+00     3.490454651810981e-26
1.202264434617413e+00     3.580898407832479e-26
1.318256738556407e+00     3.682052698936259e-26
1.445439770745928e+00     3.794477657730501e-26
1.584893192461114e+00     3.918194584235068e-26
1.737800828749376e+00     4.053890371668397e-26
1.905460717963246e+00     4.203441425994767e-26
2.089296130854039e+00     4.370267293263256e-26
2.290867652767772e+00     4.554094099162608e-26
2.511886431509580e+00     4.756844996401042e-26
2.754228703338166e+00     4.981681984040011e-26
3.019951720402016e+00     5.232954998717585e-26
3.311311214825911e+00     5.517076424491719e-26
3.630780547701014e+00     5.832221371767739e-26
3.981071705534973e+00     6.196536325893939e-26
4.365158322401661e+00     6.609201610260903e-26
4.786300923226385e+00     7.096529296506192e-26
5.248074602497728e+00     7.660921284266697e-26
5.754399373371567e+00     8.340575154196760e-26
6.309573444801930e+00     9.177956606215730e-26
6.918309709189363e+00     1.024087346305768e-25
7.585775750291836e+00     1.166750511632547e-25
8.317637711026710e+00     1.377079458209223e-25
9.120108393559100e+00     1.758012667125825e-25
1.000000000000000e+01     3.742122498151205e-25
