5.024696147343013e+03      9.556211394702080e-09
4.967861916834029e+03      4.663898261978948e-09
1.242879029481792e+05      7.774218328829940e-12
1.242600948564213e+05      1.260669504242441e-17
1.573961779961080e+05      7.965424263919682e-18
4.002086592255766e+07      3.426779662936802e-20
4.023216851521068e+07      6.788206850254769e-20
9.633804389097050e+07      3.256868636755646e-20
1.236814898753485e+08      2.785220392138839e-20
1.597599204277178e+08      2.670143654784914e-20
1.997561106063832e+08      2.867925789401057e-20
2.004830324336166e+08      1.015424687934371e-08
