1.000000000000000e+00     1.552322670234048e-18
1.096478196143185e+00     2.022014741915377e-19
1.202264434617413e+00     2.723868246327140e-20
1.318256738556407e+00     3.822726511737014e-21
1.445439770745927e+00     5.630300868300002e-22
1.584893192461114e+00     7.845378000044019e-23
1.737800828749375e+00     1.412126313448509e-23
1.905460717963247e+00     6.428627553353043e-24
2.089296130854040e+00     4.026512534213930e-24
2.290867652767773e+00     2.639757068018564e-24
2.511886431509580e+00     1.783236151939094e-24
2.754228703338166e+00     1.234648708400161e-24
3.019951720402016e+00     8.715354231772440e-25
3.311311214825911e+00     6.254494146251349e-25
3.630780547701014e+00     4.560615889391551e-25
3.981071705534972e+00     3.374941688993353e-25
4.365158322401660e+00     2.536771439164321e-25
4.786300923226384e+00     1.939436308123783e-25
5.248074602497725e+00     1.511730701550127e-25
5.754399373371570e+00     1.206306589367727e-25
6.309573444801933e+00     9.916756813641800e-26
6.918309709189364e+00     8.461792690437090e-26
7.585775750291837e+00     7.512106562907524e-26
8.317637711026710e+00     6.877063719662467e-26
9.120108393559100e+00     6.410912880559973e-26
1.000000000000000e+01     6.038457305529527e-26
1.096478196143185e+01     5.727396546652980e-26
1.202264434617413e+01     5.455805952856577e-26
1.318256738556407e+01     5.218986174492439e-26
1.445439770745927e+01     5.006916118571513e-26
1.584893192461113e+01     4.815445474182339e-26
1.737800828749375e+01     4.642014168733735e-26
1.905460717963247e+01     4.484370507389528e-26
2.089296130854040e+01     4.340734637109274e-26
2.290867652767774e+01     4.209616328752552e-26
2.511886431509580e+01     4.089743225671480e-26
2.754228703338166e+01     3.978439463456685e-26
3.019951720402016e+01     3.875376099897780e-26
3.311311214825912e+01     3.781251752104938e-26
3.630780547701014e+01     3.695590031789683e-26
3.981071705534974e+01     3.617703920752105e-26
4.365158322401658e+01     3.547213903806954e-26
4.786300923226383e+01     3.482320124849747e-26
5.248074602497726e+01     3.422564190710693e-26
5.754399373371570e+01     3.369066562160804e-26
6.309573444801933e+01     3.321851587853839e-26
6.918309709189366e+01     3.280668781275112e-26
7.585775750291837e+01     3.245471126713059e-26
8.317637711026710e+01     3.216210410640392e-26
9.120108393559100e+01     3.192783135841713e-26
1.000000000000000e+02     3.175301729961440e-26
1.096478196143185e+02     3.163871734982185e-26
1.202264434617413e+02     3.158773302953719e-26
1.318256738556407e+02     3.162795888338365e-26
1.445439770745928e+02     3.174461968637691e-26
1.584893192461114e+02     3.193895529679563e-26
1.737800828749376e+02     3.223630832144552e-26
1.905460717963246e+02     3.265256079672882e-26
2.089296130854039e+02     3.317685332679596e-26
2.290867652767772e+02     3.385382419299876e-26
2.511886431509580e+02     3.467786083951282e-26
2.754228703338166e+02     3.567518049632216e-26
3.019951720402016e+02     3.686594323791295e-26
3.311311214825911e+02     3.826802629682661e-26
3.630780547701014e+02     3.991241883758756e-26
3.981071705534973e+02     4.181890805893116e-26
4.365158322401661e+02     4.403210523672430e-26
4.786300923226385e+02     4.656819426867698e-26
5.248074602497728e+02     4.949692000155162e-26
5.754399373371566e+02     5.282496056383060e-26
6.309573444801930e+02     5.665054004102977e-26
6.918309709189363e+02     6.099462697250183e-26
7.585775750291836e+02     6.593430343616248e-26
8.317637711026710e+02     7.161818978573585e-26
9.120108393559100e+02     7.795836961337330e-26
10.000000000000000e+02     8.536424429550960e-26
1.096478196143185e+03     9.361617288441110e-26
1.202264434617413e+03     1.030664929029705e-25
1.318256738556407e+03     1.140557514755490e-25
1.445439770745928e+03     1.262611788954400e-25
1.584893192461114e+03     1.405820829139650e-25
1.737800828749376e+03     1.570111505152858e-25
1.905460717963246e+03     1.754123251286199e-25
2.089296130854039e+03     1.975154447406489e-25
2.290867652767773e+03     2.226386057466006e-25
2.511886431509580e+03     2.515791919888443e-25
2.754228703338166e+03     2.862040218127263e-25
3.019951720402016e+03     3.255930299642436e-25
3.311311214825911e+03     3.734864744679821e-25
3.630780547701014e+03     4.288199324272378e-25
3.981071705534973e+03     4.963980261629933e-25
4.365158322401661e+03     5.764914624573695e-25
4.786300923226385e+03     6.742071787861068e-25
5.248074602497728e+03     7.951580123095203e-25
5.754399373371566e+03     9.459886575366550e-25
6.309573444801931e+03     1.140603206715458e-24
6.918309709189362e+03     1.397035263638841e-24
7.585775750291836e+03     1.753390507377417e-24
8.317637711026710e+03     2.294447652869190e-24
9.120108393559100e+03     3.286481794212921e-24
1.000000000000000e+04     8.858557327044840e-24
