1.000000000000000e-05     9.281410902716680e-17
1.122018454301963e-05     3.244419477695927e-17
1.258925411794166e-05     1.988639218482271e-17
1.412537544622755e-05     1.309818137624450e-17
1.584893192461114e-05     8.890967034656820e-18
1.778279410038922e-05     6.134031473472955e-18
1.995262314968878e-05     4.284587337859411e-18
2.238721138568338e-05     3.016337962467141e-18
2.511886431509582e-05     2.136677614364256e-18
2.818382931264455e-05     1.523273896904195e-18
3.162277660168379e-05     1.091126239871980e-18
3.548133892335753e-05     7.845976445593914e-19
3.981071705534969e-05     5.662197321637990e-19
4.466835921509634e-05     4.101908797818036e-19
5.011872336272725e-05     2.981638585473907e-19
5.623413251903490e-05     2.173431714736215e-19
6.309573444801928e-05     1.588788179370657e-19
7.079457843841372e-05     1.165477785234857e-19
7.943282347242821e-05     8.574286680221510e-20
8.912509381337460e-05     6.325137923385815e-20
1.000000000000000e-04     4.679118026349398e-20
1.122018454301963e-04     3.472969745457060e-20
1.258925411794168e-04     2.585467006191340e-20
1.412537544622755e-04     1.930598658147129e-20
1.584893192461114e-04     1.446282062823873e-20
1.778279410038923e-04     1.087294021338083e-20
1.995262314968879e-04     8.202552145949290e-21
2.238721138568340e-04     6.210892322512282e-21
2.511886431509582e-04     4.721804481160573e-21
2.818382931264455e-04     3.604458254077305e-21
3.162277660168380e-04     2.763522469052107e-21
3.548133892335753e-04     2.128609519218751e-21
3.981071705534974e-04     1.647445286119845e-21
4.466835921509634e-04     1.281436234067308e-21
5.011872336272726e-04     1.001972956562232e-21
5.623413251903491e-04     7.876549379114977e-22
6.309573444801930e-04     6.226700830355078e-22
7.079457843841380e-04     4.950567654952464e-22
7.943282347242813e-04     3.959743002391747e-22
8.912509381337460e-04     3.186735365003060e-22
1.000000000000000e-03     2.581570561375385e-22
1.122018454301963e-03     2.105489112393030e-22
1.258925411794168e-03     1.729927888192478e-22
1.412537544622754e-03     1.432603474103015e-22
1.584893192461114e-03     1.196652355454755e-22
1.778279410038923e-03     1.009190142979499e-22
1.995262314968881e-03     8.602763820837900e-23
2.238721138568338e-03     7.423043404586771e-23
2.511886431509579e-03     6.494025655041282e-23
2.818382931264455e-03     5.770281493499168e-23
3.162277660168380e-03     5.214467920323289e-23
3.548133892335753e-03     4.796417733489527e-23
3.981071705534974e-03     4.489738016967358e-23
4.466835921509634e-03     4.272607514748198e-23
5.011872336272725e-03     4.127527733151013e-23
5.623413251903491e-03     4.041410821314396e-23
6.309573444801936e-03     4.005096642313020e-23
7.079457843841373e-03     4.012656648567764e-23
7.943282347242814e-03     4.060785035610738e-23
8.912509381337450e-03     4.148231643004853e-23
1.000000000000000e-02     4.275550102247017e-23
1.122018454301963e-02     4.443191176863833e-23
1.258925411794168e-02     4.655196310680664e-23
1.412537544622754e-02     4.916397622701722e-23
1.584893192461114e-02     5.226957874350281e-23
1.778279410038923e-02     5.596996044719824e-23
1.995262314968881e-02     6.027580233372857e-23
2.238721138568340e-02     6.530072454174847e-23
2.511886431509582e-02     7.103624558496588e-23
2.818382931264452e-02     7.771932141127743e-23
3.162277660168379e-02     8.526719963143510e-23
3.548133892335753e-02     9.389922330951260e-23
3.981071705534969e-02     1.038864725227829e-22
4.466835921509630e-02     1.152333002135509e-22
5.011872336272725e-02     1.280852145261829e-22
5.623413251903491e-02     1.428821577046004e-22
6.309573444801931e-02     1.600648603289048e-22
7.079457843841380e-02     1.795957271742977e-22
7.943282347242822e-02     2.017906317548858e-22
8.912509381337460e-02     2.274552681035328e-22
1.000000000000000e-01     2.577062788563167e-22
1.122018454301965e-01     2.924994137685873e-22
1.258925411794166e-01     3.320274576441516e-22
1.412537544622753e-01     3.777026222635663e-22
1.584893192461114e-01     4.334220480737683e-22
1.778279410038923e-01     4.976350941324917e-22
1.995262314968879e-01     5.713615355121608e-22
2.238721138568338e-01     6.591025623169805e-22
2.511886431509582e-01     7.655137573816774e-22
2.818382931264455e-01     8.891048923866570e-22
3.162277660168380e-01     1.036988642848042e-21
3.548133892335753e-01     1.218355420982226e-21
3.981071705534978e-01     1.432079078169261e-21
4.466835921509634e-01     1.702029174270116e-21
5.011872336272715e-01     2.030471976664851e-21
5.623413251903491e-01     2.443588091561821e-21
6.309573444801931e-01     2.978310687909452e-21
7.079457843841373e-01     3.688060188077602e-21
7.943282347242821e-01     4.704094092230338e-21
8.912509381337460e-01     6.420132629806118e-21
1.000000000000000e+00     1.633104592117857e-20
