#From 2203.15668
9.469036203431130e+04      1.389128173774277e-24
1.957915114920036e+05      1.727859142607980e-25
1.146568850866768e+07      7.552211512904886e-31
1.896518267039725e+07      1.100518140498311e-31
2.448437822476620e+07      2.088593554787861e-32
2.591193811513193e+07      4.189326040700903e-33
2.709991610230646e+07      1.365351597060405e-34
2.831843565742784e+07      4.646300000819496e-33
3.123765036875731e+07      1.586603344705831e-32
3.687009971153554e+07      2.465758076969459e-32
4.271574286464636e+07      2.710426457639288e-32
4.995089056884304e+07      2.345551103705406e-32
5.496056487819951e+07      1.641338146258243e-32
5.738320797661654e+07      8.945764243498010e-33
5.777217431249785e+07      7.066141744676335e-35
5.945761576002501e+07      1.052359212538078e-32
6.119222816064266e+07      1.609423131480464e-32
6.648042286990083e+07      1.917090842651465e-32
7.283920942317552e+07      1.823631678989068e-32
7.967119304000617e+07      1.561314933466946e-32
8.410272150128690e+07      1.231358791304433e-32
8.641008133389210e+07      9.354036223744730e-33
8.641008133389210e+07      6.699308960252846e-33
8.885593780702010e+07      1.362914224617634e-34
9.214706345173980e+07      8.181938967898370e-33
9.499586234053600e+07      1.171329417503614e-32
1.023361776656367e+08      1.392757564475715e-32
1.084861813366282e+08      1.400223968100601e-32
1.148114602435874e+08      1.112222185099451e-32
1.177620052893607e+08      7.443292790507299e-33
1.195682428327563e+08      1.259955606307974e-34
1.211973235268638e+08      1.128219046063287e-32
1.291345455078283e+08      1.400223968100601e-32
1.404130978126524e+08      1.287544490983158e-32
1.470991225570082e+08      9.353950733683860e-33
1.501139848834480e+08      4.780870999919731e-33
1.504947543044275e+08      4.294264423655543e-35
1.516461508419277e+08      7.618033868032963e-33
1.539721045337749e+08      1.082838740467529e-32
1.711423197922927e+08      1.474616369277364e-32
2.045798578755343e+08      1.886517645137359e-32
2.579344691261835e+08      3.658246801112881e-32
2.869408814954404e+08      1.198959400804777e-31
2.965635059070037e+08      5.966783163624341e-31
3.006040928605596e+08      1.766796912849140e-28
3.031598298233180e+08      2.942703643340205e-31
3.157208048626424e+08      8.315372672006950e-32
3.412687556244626e+08      3.486112760269020e-32
3.835190937628588e+08      2.099790250383803e-32
4.542048510037222e+08      1.623836101774424e-32
5.257734884626322e+08      2.345529666830262e-32
5.683200153202575e+08      5.923613674353694e-32
5.948790527679510e+08      2.062888091520207e-31
5.973960647246951e+08      9.375154796509750e-29
6.216217871040556e+08      6.106135709782254e-32
6.435567645805930e+08      3.351874634333817e-32
6.719245289513891e+08      2.366556368088248e-32
7.027300806584888e+08      1.839962964840643e-32
7.641062053795096e+08      1.623836101774397e-32
8.052432675970900e+08      2.103545417656545e-32
8.364837341545100e+08      2.859507108074162e-32
8.935277779607610e+08      1.363393874372412e-31
8.995844666342670e+08      6.364329836376545e-29
9.149262217908330e+08      7.853698484440844e-32
9.424157342008600e+08      4.050065940323980e-32
9.424157342008600e+08      3.049303156447265e-32
